# Energ loss (eV) 	Intensity (arb. units)	Error bar
     -0.2277228451       0.5107628625       0.3470960596
     -0.2077728451      -0.0691510552       0.2545099026
     -0.1849728451      -0.1285304589       0.2436875751
     -0.1621728451      -0.1817855625       0.2339478964
     -0.1422228451      -0.2233775507       0.2601653715
     -0.1194228451       0.0920817649       0.2152355959
     -0.0937728451       0.2683116253       0.2435473657
     -0.0709728451       0.3290179052       0.2412427160
     -0.0481728451       0.6879957693       0.2544114675
     -0.0253728451       4.5422923568       0.3953253734
     -0.0025728451      13.3881239823       0.5988869600
      0.0173771549       8.8305401273       0.5694688316
      0.0401771549       3.9032863131       0.3167848214
      0.0658271549       4.1698594326       0.3564512583
      0.0886271549       4.6388059865       0.3626551399
      0.1114271549       3.8124914893       0.3330436646
      0.1342271549       3.8903695121       0.3325062592
      0.1570271549       2.9302059551       0.3035162820
      0.1769771549       2.2039460619       0.3219794666
      0.1997771549       1.9986679996       0.2441129101
      0.2254271549       1.5677264701       0.2568586337
      0.2482271549       2.0670161481       0.2748898709
      0.2710271549       1.9874188467       0.2726764037
      0.2938271549       3.0480159115       0.3079034465
      0.3166271549       3.0830934988       0.3076961773
      0.3365771549       3.7886727984       0.3805633305
      0.3593771549       3.3675094703       0.2831476116
      0.3850271549       2.9132689872       0.3036621819
      0.4078271549       3.6224256400       0.3247034423
      0.4306271549       3.1595662109       0.3100628266
      0.4534271549       3.9349942333       0.3345255899
      0.4762271549       4.5633573818       0.3514267270
      0.4961771549       5.3492975177       0.4298319187
      0.5189771549       5.9280188633       0.3466112246
      0.5446271549       6.6154461439       0.4035548082
      0.5674271549       7.4008204429       0.4217826911
      0.5902271549       8.0378945166       0.4369659085
      0.6101771549       9.0321071685       0.5281510577
      0.6329771549       9.1953716848       0.4114812639
      0.6586271549       8.0151778246       0.4355404466
      0.6814271549       9.5110736763       0.4673157232
      0.7042271549       8.4949999247       0.4459872762
      0.7270271549       9.3295518024       0.4645862419
      0.7498271549       9.2944888279       0.4619405027
      0.7697771549       9.4656681172       0.5415822100
      0.7925771549       8.7093452268       0.4029955364
      0.8182271549       9.1784806386       0.4595066232
      0.8410271549       8.4195517446       0.4443894496
      0.8638271549       7.9197475904       0.4334445196
      0.8866271549       8.0300629599       0.4349314130
      0.9094271549       7.1892119286       0.4160486270
      0.9293771549       7.7004265828       0.4948133320
      0.9521771549       7.0961228164       0.3716083313
      0.9778271549       6.6527895456       0.4035093309
      1.0006271549       7.1486702393       0.4159452471
      1.0234271549       7.3976926007       0.4216403694
      1.0462271549       6.9768506295       0.4110926117
      1.0690271549       7.4553311869       0.4220839413
      1.0889771549       6.7748210912       0.4715486171
      1.1117771549       6.9279988488       0.3668521983
      1.1374271549       7.5151210122       0.4243559311
      1.1602271549       6.2290066862       0.3941954432
      1.1830271549       6.9023398937       0.4094021160
      1.2058271549       7.7844570771       0.4304178086
      1.2286271549       7.2859311817       0.4191667047
      1.2485771549       7.0885679310       0.4787918743
      1.2713771549       7.0988759570       0.3710853957
      1.2970271549       6.9769578365       0.4128849833
      1.3198271549       7.1710850126       0.4165362752
      1.3426271549       6.5037134509       0.4000545416
      1.3654271549       6.8239487952       0.4093259232
      1.3882271549       6.6146579512       0.4035173177
      1.4081771549       5.8849316209       0.4454406931
      1.4309771549       6.1462776656       0.3508107621
      1.4566271549       5.7322941641       0.3819697474
      1.4794271549       5.6165505449       0.3790358554
      1.5022271549       6.3418895060       0.3978095860
      1.5250271549       5.7891993168       0.3833798823
      1.5478271549       6.0770883587       0.3905194927
      1.5677771549       5.8083360052       0.4432401063
      1.5905771549       5.0952058918       0.3275596520
      1.6162271549       5.5280736924       0.3760046193
      1.6390271549       5.4162088906       0.3747008284
      1.6618271549       3.7741669346       0.3291049719
      1.6846271549       4.4458789800       0.3481399536
      1.7083771549       4.3981552205       0.3102609036
      1.7273771549       3.9338147094       0.3551147327
      1.7501771549       4.4818927727       0.2698154143
      1.7767771549       4.3639290196       0.3034048829
      1.7995771549       3.8948422968       0.2903684988
      1.8223771549       4.4904798280       0.3021388749
      1.8451771549       3.7203125381       0.2819338279
      1.8679771549       3.9333351928       0.2855047937
      1.8869771549       3.8189485437       0.3405170674
      1.9097771549       3.2470047902       0.2301712917
      1.9363771549       3.5092434912       0.2695773543
      1.9591771549       3.4709147067       0.2690113353
      1.9819771549       2.9319468655       0.2569785074
      2.0009771549       3.0514828552       0.3202836434
      2.0237771549       2.5719417566       0.2159166338
      2.0503771549       2.9399495790       0.2623392244
      2.0731771549       2.9005736530       0.2641516098
      2.0959771549       2.4844872750       0.2556342910
      2.1187771549       2.6161186536       0.2629110469
      2.1415771549       2.5167475031       0.2639794103
      2.1605771549       2.6878347390       0.3386925752
      2.1833771549       2.7153783532       0.2373601635
      2.2099771549       2.6184177826       0.2782859193
      2.2327771549       2.6855525212       0.2846475223
      2.2555771549       2.2415112864       0.2752473269
      2.2760021549       2.4369346526       0.3302353739
      2.3030771549       2.8591870230       0.4263089397
      2.3201771549       2.7438420253       0.5954905364
      2.3429771549       2.9999238175       0.3532149182
      2.3714771549       2.6668881352       0.4175446585
      2.3942771549       2.4753286561       0.4086619853
      2.4170771549       3.1287229290       0.4383124434
      2.4398771549       3.2437859216       0.4433181017
      2.4626771549       3.3597703162       0.4483468776
      2.4797771549       3.2060359450       0.6246700874
      2.5025771549       2.7449545154       0.3438895416
      2.5310771549       2.9379353972       0.4299281847
      2.5538771549       2.8618113169       0.4265455643
      2.5766771549       3.4008251605       0.4502151303
      2.5994771549       3.5546821312       0.4567402494
      2.6222771549       4.3236768059       0.4880361586
      2.6393771549       2.2852763016       0.5652992491
      2.6621771549       4.3112145069       0.3980902343
      2.6906771549       4.1704074055       0.4819818476
      2.7134771549       4.3626935103       0.4895929843
      2.7362771549       5.2855917446       0.5245860291
      2.7590771549       4.4395566121       0.4926005036
      2.7818771549       4.6331904975       0.5001537179
      2.7989771549       6.6729589803       0.8107486271
      2.8217771549       5.7493906502       0.4420527117
      2.8502771549       5.1338647788       0.5190726290
      2.8730771549       6.1727307787       0.5562448571
      2.8958771549       6.4422916928       0.5654986957
      2.9186771549       8.7512547703       0.6392526483
      2.9414771549       7.4817364851       0.5998376978
      2.9585771549       8.3678814167       0.8876335305
      2.9813771549       7.9846926367       0.5028343403
      3.0098771549       9.0621626049       0.6486337612
      3.0326771549       9.7153594071       0.6677002996
      3.0554771549      10.0617057794       0.6776076396
      3.0782771549      10.0620212346       0.6776255563
      3.1010771549      10.3319049001       0.6852602979
      3.1181771549       9.2151003718       0.9236590173
      3.1409771549      10.9327890174       0.5730781807
      3.1694771549      11.8307481522       0.7260750152
      3.1922771549      11.5984219872       0.7198537135
      3.2150771549      12.4049425635       0.7410561969
      3.2378771549      11.6727009141       0.7217648415
      3.2606771549      12.1708150813       0.7348674499
      3.2777771549      12.2858589014       1.0434958762
      3.3005771549      13.2600274947       0.6228442938
      3.3290771549      13.3984986845       0.7662441495
      3.3518771549      13.4368915533       0.7672053864
      3.3746771549      13.3211097333       0.7642876981
      3.3917771549      12.7441770322       1.0601373465
      3.4145771549      13.2063507397       0.6216890615
      3.4430771549      12.6665685975       0.7476190922
      3.4658771549      14.7017206692       0.7981742724
      3.4886771549      13.9869740318       0.7840179546
      3.5114771549      13.7761247861       0.7754905188
      3.5342771549      15.1472641467       0.8121328057
      3.5513771549      14.8128751285       1.1324264282
      3.5741771549      13.4107381585       0.6274557498
      3.6026771549      13.7722421147       0.7752980620
      3.6254771549      15.1820419995       0.8128673716
      3.6482771549      14.5374426633       0.7939541092
      3.6710771549      14.3610724185       0.7928815353
      3.6938771549      14.5711103126       0.7946534375
      3.7109771549      16.3376569080       1.1826369707
      3.7337771549      13.0421312548       0.6196774811
      3.7622771549      12.4964462004       0.7428096025
      3.7850771549      13.5191431056       0.7655791734
      3.8078771549      12.9545144864       0.7544872408
      3.8306771549      14.0272178590       0.7812470412
      3.8534771549      14.3141679069       0.7849896273
      3.8705771549      14.8431273911       1.1424043734
      3.8933771549      12.9952787331       0.6150802786
      3.9218771549      13.4745791469       0.7643085460
      3.9446771549      12.6486997737       0.7496808693
      3.9674771549      12.1792242369       0.7313113386
      3.9902771549      14.2949189410       0.7877718409
      4.0130771549      12.6446278721       0.7464905830
      4.0301771549      13.4858905385       1.0857411343
      4.0529771549      12.1794261772       0.5979325474
      4.0814771549      13.6019997934       0.7706558206
      4.1042771549      10.7224928810       0.6952382767
      4.1270771549      13.5622023246       0.7696288350
      4.1498771549      11.4118617347       0.7139732193
      4.1726771549      12.4841484821       0.7392148589
      4.1897771549      12.0270140409       1.0328683058
      4.2125771549      10.0180316554       0.5530258229
      4.2410771549      11.7201954656       0.7192063216
      4.2638771549      11.2960700943       0.7108365927
      4.2866771549      11.3724849758       0.7128872409
      4.3094771549      11.1035405143       0.7056027297
      4.3322771549      10.1053285530       0.6779019818
      4.3493771549       9.4901671986       0.9337019962
      4.3721771549      11.7945494770       0.5912712975
      4.4006771549      10.3494182269       0.6819548777
      4.4234771549       8.9678371879       0.6476134080
      4.4462771549       9.2620512530       0.6536265517
      4.4690771549       9.8387889907       0.6703750441
      4.4918771549       9.9720603751       0.6714340366
      4.5089771549      10.4923771891       0.9741978551
      4.5317771549       9.3407988939       0.5356157278
      4.5602771549      10.0175065858       0.6783877959
      4.5830771549       7.9992078363       0.6155499053
      4.6058771549       8.4897900188       0.6280822513
      4.6286771549       8.3078739924       0.6251485952
      4.6514771549       9.0753610373       0.6482766150
      4.6685771549       8.4980773537       0.8922394153
      4.6913771549       8.9949542191       0.5288396624
      4.7198771549       7.0426552861       0.5825605686
      4.7426771549       7.8461747010       0.6107757190
      4.7654771549       6.8855738515       0.5797730905
      4.7825771549       6.6552134211       0.8090642931
      4.8053771549       6.4202576603       0.4619315603
      4.8338771549       7.4676324684       0.6116505410
      4.8566771549       6.5255471320       0.5877224039
      4.8794771549       5.8705880590       0.5800922476
      4.9022771549       4.7985415323       0.5462105427
      4.9250771549       6.5108951084       0.6245861804
      4.9421771549       4.5646954628       0.7859775232
      4.9649771549       5.9802944076       0.5120189741
      4.9934771549       4.7246293022       0.5945102055
      5.0162771549       4.9351253010       0.6185393760
      5.0390771549       4.6581224316       0.6251665371
      5.0618771549       4.1309784627       0.6155650859
      5.0846771549       4.6796143636       0.6614905347
      5.1017771549       3.7189684531       0.8835050063
      5.1188771549       4.1315211691       0.6626254889
