# Energy loss (meV)	Quasi-elastic (arb. units)	Magnetic excitations (arb. units)	dd excitations (arb. units)
         -225.4391242834             0.0059593412             0.0027540203             0.0000000000
         -224.2991242834             0.0060196846             0.0027948217             0.0000000000
         -223.1591242834             0.0060809472             0.0028357693             0.0000000000
         -222.0191242834             0.0061431477             0.0028768654             0.0000000000
         -220.8791242834             0.0062063053             0.0029181198             0.0000000000
         -219.7391242834             0.0062704398             0.0029595477             0.0000000000
         -218.5991242834             0.0063355713             0.0030011330             0.0000000000
         -217.4591242834             0.0064017205             0.0030428789             0.0000000000
         -216.3191242834             0.0064689088             0.0030848053             0.0000000000
         -215.1791242834             0.0065371578             0.0031269133             0.0000000000
         -214.0391242834             0.0066064902             0.0031691941             0.0000000000
         -212.8991242834             0.0066769287             0.0032116520             0.0000000000
         -211.7591242834             0.0067484971             0.0032543188             0.0000000000
         -210.6191242834             0.0068212195             0.0032971780             0.0000000000
         -209.4791242834             0.0068951209             0.0033402296             0.0000000000
         -208.3391242834             0.0069702268             0.0033834830             0.0000000000
         -207.1991242834             0.0070465635             0.0034269712             0.0000000000
         -206.0591242834             0.0071241578             0.0034706692             0.0000000000
         -204.9191242834             0.0072030377             0.0035145827             0.0000000000
         -203.7791242834             0.0072832314             0.0035587338             0.0000000000
         -202.6391242834             0.0073647683             0.0036031375             0.0000000000
         -201.4991242834             0.0074476784             0.0036477768             0.0000000000
         -200.3591242834             0.0075319928             0.0036926583             0.0000000000
         -199.2191242834             0.0076177431             0.0037378195             0.0000000000
         -198.0791242834             0.0077049622             0.0037832521             0.0000000000
         -196.9391242834             0.0077936835             0.0038289496             0.0000000000
         -195.7991242834             0.0078839419             0.0038749192             0.0000000000
         -194.6591242834             0.0079757727             0.0039212170             0.0000000000
         -193.5191242834             0.0080692127             0.0039678057             0.0000000000
         -192.3791242834             0.0081642996             0.0040146917             0.0000000000
         -191.2391242834             0.0082610722             0.0040618966             0.0000000000
         -190.0991242834             0.0083595705             0.0041094577             0.0000000000
         -188.9591242834             0.0084598356             0.0041573430             0.0000000000
         -187.8191242834             0.0085619098             0.0042055611             0.0000000000
         -186.6791242834             0.0086658369             0.0042541533             0.0000000000
         -185.5391242834             0.0087716618             0.0043031267             0.0000000000
         -184.3991242834             0.0088794308             0.0043524623             0.0000000000
         -183.2591242834             0.0089891918             0.0044021694             0.0000000000
         -182.1191242834             0.0091009939             0.0044523129             0.0000000000
         -180.9791242834             0.0092148879             0.0045028626             0.0000000000
         -179.8391242834             0.0093309261             0.0045538157             0.0000000000
         -178.6991242834             0.0094491626             0.0046051893             0.0000000000
         -177.5591242834             0.0095696529             0.0046570558             0.0000000000
         -176.4191242834             0.0096924546             0.0047093597             0.0000000000
         -175.2791242834             0.0098176270             0.0047621118             0.0000000000
         -174.1391242834             0.0099452311             0.0048153538             0.0000000000
         -172.9991242834             0.0100753302             0.0048691199             0.0000000000
         -171.8591242834             0.0102079896             0.0049233710             0.0000000000
         -170.7191242834             0.0103432766             0.0049781187             0.0000000000
         -169.5791242834             0.0104812607             0.0050334346             0.0000000000
         -168.4391242834             0.0106220140             0.0050893054             0.0000000000
         -167.2991242834             0.0107656106             0.0051457128             0.0000000000
         -166.1591242834             0.0109121273             0.0052026693             0.0000000000
         -165.0191242834             0.0110616437             0.0052602820             0.0000000000
         -163.8791242834             0.0112142417             0.0053184801             0.0000000000
         -162.7391242834             0.0113700064             0.0053772707             0.0000000000
         -161.5991242834             0.0115290255             0.0054366911             0.0000000000
         -160.4591242834             0.0116913899             0.0054968196             0.0000000000
         -159.3191242834             0.0118571938             0.0055575868             0.0000000000
         -158.1791242834             0.0120265346             0.0056190076             0.0000000000
         -157.0391242834             0.0121995131             0.0056811564             0.0000000000
         -155.8991242834             0.0123762339             0.0057440525             0.0000000000
         -154.7591242834             0.0125568050             0.0058076526             0.0000000000
         -153.6191242834             0.0127413387             0.0058719727             0.0000000000
         -152.4791242834             0.0129299513             0.0059371319             0.0000000000
         -151.3391242834             0.0131227632             0.0060030778             0.0000000000
         -150.1991242834             0.0133198994             0.0060697991             0.0000000000
         -149.0591242834             0.0135214896             0.0061373218             0.0000000000
         -147.9191242834             0.0137276683             0.0062057920             0.0000000000
         -146.7791242834             0.0139385751             0.0062750970             0.0000000000
         -145.6391242834             0.0141543549             0.0063452557             0.0000000000
         -144.4991242834             0.0143751581             0.0064163409             0.0000000000
         -143.3591242834             0.0146011412             0.0064884260             0.0000000000
         -142.2191242834             0.0148324665             0.0065614304             0.0000000000
         -141.0791242834             0.0150693028             0.0066353749             0.0000000000
         -139.9391242834             0.0153118255             0.0067103880             0.0000000000
         -138.7991242834             0.0155602172             0.0067864549             0.0000000000
         -137.6591242834             0.0158146676             0.0068635345             0.0000000000
         -136.5191242834             0.0160753741             0.0069416498             0.0000000000
         -135.3791242834             0.0163425424             0.0070209958             0.0000000000
         -134.2391242834             0.0166163865             0.0071014510             0.0000000000
         -133.0991242834             0.0168971291             0.0071830224             0.0000000000
         -131.9591242834             0.0171850026             0.0072657737             0.0000000000
         -130.8191242834             0.0174802489             0.0073498652             0.0000000000
         -129.6791242834             0.0177831202             0.0074351606             0.0000000000
         -128.5391242834             0.0180938797             0.0075216878             0.0000000000
         -127.3991242834             0.0184128018             0.0076095810             0.0000000000
         -126.2591242834             0.0187401729             0.0076988917             0.0000000000
         -125.1191242834             0.0190762918             0.0077895321             0.0000000000
         -123.9791242834             0.0194214710             0.0078815338             0.0000000000
         -122.8391242834             0.0197760365             0.0079751156             0.0000000000
         -121.6991242834             0.0201403291             0.0080701962             0.0000000000
         -120.5591242834             0.0205147053             0.0081667480             0.0000000000
         -119.4191242834             0.0208995378             0.0082648142             0.0000000000
         -118.2791242834             0.0212952163             0.0083646924             0.0000000000
         -117.1391242834             0.0217021492             0.0084661626             0.0000000000
         -115.9991242834             0.0221207636             0.0085692638             0.0000000000
         -114.8591242834             0.0225515073             0.0086741288             0.0000000000
         -113.7191242834             0.0229948492             0.0087809216             0.0000000000
         -112.5791242834             0.0234512813             0.0088894822             0.0000000000
         -111.4391242834             0.0239213192             0.0089998546             0.0000000000
         -110.2991242834             0.0244055043             0.0091122813             0.0000000000
         -109.1591242834             0.0249044044             0.0092267604             0.0000000000
         -108.0191242834             0.0254186165             0.0093432070             0.0000000000
         -106.8791242834             0.0259487672             0.0094616714             0.0000000000
         -105.7391242834             0.0264955156             0.0095825295             0.0000000000
         -104.5991242834             0.0270595546             0.0097055742             0.0000000000
         -103.4591242834             0.0276416134             0.0098308148             0.0000000000
         -102.3191242834             0.0282424597             0.0099583710             0.0000000000
         -101.1791242834             0.0288629019             0.0100885949             0.0000000000
         -100.0391242834             0.0295037918             0.0102212127             0.0000000000
          -98.8991242834             0.0301660279             0.0103562888             0.0000000000
          -97.7591242834             0.0308505575             0.0104940867             0.0000000000
          -96.6191242834             0.0315583810             0.0106347508             0.0000000000
          -95.4791242834             0.0322905547             0.0107781017             0.0000000000
          -94.3391242834             0.0330481951             0.0109242139             0.0000000000
          -93.1991242834             0.0338324829             0.0110735295             0.0000000000
          -92.0591242834             0.0346446678             0.0112259303             0.0000000000
          -90.9191242834             0.0354860735             0.0113813574             0.0000000000
          -89.7791242834             0.0363581035             0.0115398979             0.0000000000
          -88.6391242834             0.0372622474             0.0117022155             0.0000000000
          -87.4991242834             0.0382000882             0.0118678604             0.0000000000
          -86.3591242834             0.0391733105             0.0120369284             0.0000000000
          -85.2191242834             0.0401837105             0.0122096974             0.0000000000
          -84.0791242834             0.0412332070             0.0123865776             0.0000000000
          -82.9391242834             0.0423238551             0.0125672314             0.0000000000
          -81.7991242834             0.0434578631             0.0127517739             0.0000000000
          -80.6591242834             0.0446376122             0.0129407292             0.0000000000
          -79.5191242834             0.0458656823             0.0131341679             0.0000000000
          -78.3791242834             0.0471448830             0.0133319097             0.0000000000
          -77.2391242834             0.0484782940             0.0135340916             0.0000000000
          -76.0991242834             0.0498693158             0.0137415507             0.0000000000
          -74.9591242834             0.0513217342             0.0139539164             0.0000000000
          -73.8191242834             0.0528398032             0.0141712165             0.0000000000
          -72.6791242834             0.0544283509             0.0143937263             0.0000000000
          -71.5391242834             0.0560929139             0.0146223501             0.0000000000
          -70.3991242834             0.0578399095             0.0148564788             0.0000000000
          -69.2591242834             0.0596768528             0.0150963033             0.0000000000
          -68.1191242834             0.0616126312             0.0153424536             0.0000000000
          -66.9791242834             0.0636578491             0.0155953969             0.0000000000
          -65.8391242834             0.0658252568             0.0158547365             0.0000000000
          -64.6991242834             0.0681302823             0.0161207099             0.0000000000
          -63.5591242834             0.0705916842             0.0163944234             0.0000000000
          -62.4191242834             0.0732323489             0.0166757567             0.0000000000
          -61.2791242834             0.0760802523             0.0169646153             0.0000000000
          -60.1391242834             0.0791696137             0.0172613095             0.0000000000
          -58.9991242834             0.0825422637             0.0175676096             0.0000000000
          -57.8591242834             0.0862492502             0.0178826051             0.0000000000
          -56.7191242834             0.0903527045             0.0182066461             0.0000000000
          -55.5791242834             0.0949279824             0.0185406010             0.0000000000
          -54.4391242834             0.1000660918             0.0188859460             0.0000000000
          -53.2991242834             0.1058764061             0.0192419676             0.0000000000
          -52.1591242834             0.1124896519             0.0196092838             0.0000000000
          -51.0191242834             0.1200611431             0.0199897655             0.0000000000
          -49.8791242834             0.1287742147             0.0203842762             0.0000000000
          -48.7391242834             0.1388437869             0.0207927349             0.0000000000
          -47.5991242834             0.1505199641             0.0212161953             0.0000000000
          -46.4591242834             0.1640915466             0.0216583478             0.0000000000
          -45.3191242834             0.1798893010             0.0221191034             0.0000000000
          -44.1791242834             0.1982888082             0.0225995788             0.0000000000
          -43.0391242834             0.2197126757             0.0231020684             0.0000000000
          -41.8991242834             0.2446318764             0.0236326814             0.0000000000
          -40.7591242834             0.2735659569             0.0241905636             0.0000000000
          -39.6191242834             0.3070818428             0.0247788065             0.0000000000
          -38.4791242834             0.3457909663             0.0254034380             0.0000000000
          -37.3391242834             0.3903444539             0.0260712377             0.0000000000
          -36.1991242834             0.4414261321             0.0267832673             0.0000000000
          -35.0591242834             0.4997431541             0.0275451131             0.0000000000
          -33.9191242834             0.5660141083             0.0283703693             0.0000000000
          -32.7791242834             0.6409545447             0.0292648691             0.0000000000
          -31.6391242834             0.7252599509             0.0302335900             0.0000000000
          -30.4991242834             0.8195863164             0.0312860632             0.0000000000
          -29.3591242834             0.9245285422             0.0324502701             0.0000000000
          -28.2191242834             1.0405970773             0.0337257890             0.0000000000
          -27.0791242834             1.1681932851             0.0351251270             0.0000000000
          -25.9391242834             1.3075841592             0.0366691716             0.0000000000
          -24.7991242834             1.4588770977             0.0383934748             0.0000000000
          -23.6591242834             1.6219955203             0.0402969044             0.0000000000
          -22.5191242834             1.7966561371             0.0423995472             0.0000000000
          -21.3791242834             1.9823486758             0.0447442573             0.0000000000
          -20.2391242834             2.1783188111             0.0473602479             0.0000000000
          -19.0991242834             2.3835549423             0.0502527843             0.0000000000
          -17.9591242834             2.5967793296             0.0534485490             0.0000000000
          -16.8191242834             2.8164439416             0.0570245512             0.0000000000
          -15.6791242834             3.0407312310             0.0609833171             0.0000000000
          -14.5391242834             3.2675599746             0.0653423171             0.0000000000
          -13.3991242834             3.4945963508             0.0701376903             0.0000000000
          -12.2591242834             3.7192706471             0.0754794771             0.0000000000
          -11.1191242834             3.9388004337             0.0813275239             0.0000000000
           -9.9791242834             4.1502217145             0.0877144668             0.0000000000
           -8.8391242834             4.3504303837             0.0947083732             0.0000000000
           -7.6991242834             4.5362370466             0.1023815746             0.0000000000
           -6.5591242834             4.7044385060             0.1106971989             0.0000000000
           -5.4191242834             4.8519084557             0.1196840196             0.0000000000
           -4.2791242834             4.9757076643             0.1294472501             0.0000000000
           -3.1391242834             5.0732100102             0.1399869194             0.0000000000
           -1.9991242834             5.1422356142             0.1512770399             0.0000000000
           -0.8591242834             5.1811773227             0.1633354919             0.0000000000
            0.2808757166             5.1891037968             0.1763015976             0.0000000000
            1.4208757166             5.1658232220             0.1900772488             0.0000000000
            2.5608757166             5.1118967986             0.2046540106             0.0000000000
            3.7008757166             5.0285996287             0.2200584057             0.0000000000
            4.8408757166             4.9178358278             0.2363755863             0.0000000000
            5.9808757166             4.7820217603             0.2534820656             0.0000000000
            7.1208757166             4.6239543025             0.2713653698             0.0000000000
            8.2608757166             4.4466797767             0.2900689159             0.0000000000
            9.4008757166             4.2533749681             0.3095777685             0.0000000000
           10.5408757166             4.0472463710             0.3297965054             0.0000000000
           11.6808757166             3.8314491757             0.3506981382             0.0000000000
           12.8208757166             3.6090243890             0.3723338566             0.0000000000
           13.9608757166             3.3828510134             0.3946108042             0.0000000000
           15.1008757166             3.1556100115             0.4174660503             0.0000000000
           16.2408757166             2.9297573244             0.4408666753             0.0000000000
           17.3808757166             2.7075040271             0.4648548032             0.0000000000
           18.5208757166             2.4908024657             0.4893028596             0.0000000000
           19.6608757166             2.2813377917             0.5141740562             0.0000000000
           20.8008757166             2.0805246333             0.5394501683             0.0000000000
           21.9408757166             1.8895087678             0.5651114884             0.0000000000
           23.0808757166             1.7091736308             0.5910765992             0.0000000000
           24.2208757166             1.5401513818             0.6173106991             0.0000000000
           25.3608757166             1.3828380951             0.6438004195             0.0000000000
           26.5008757166             1.2374124965             0.6704993793             0.0000000000
           27.6408757166             1.1038575459             0.6973597675             0.0000000000
           28.7808757166             0.9819840835             0.7243514594             0.0000000000
           29.9208757166             0.8714557293             0.7514567842             0.0000000000
           31.0608757166             0.7718142312             0.7786311615             0.0000000000
           32.2008757166             0.6825045126             0.8058462866             0.0000000000
           33.3408757166             0.6028987504             0.8330769919             0.0000000000
           34.4808757166             0.5323189199             0.8602942941             0.0000000000
           35.6208757166             0.4700573639             0.8874744906             0.0000000000
           36.7608757166             0.4153950643             0.9145961858             0.0000000000
           37.9008757166             0.3676174199             0.9416313172             0.0000000000
           39.0408757166             0.3260274449             0.9685536509             0.0000000000
           40.1808757166             0.2899564068             0.9953527865             0.0000000000
           41.3208757166             0.2587720057             1.0220105727             0.0000000000
           42.4608757166             0.2318842661             1.0484874100             0.0000000000
           43.6008757166             0.2087493606             1.0747748954             0.0000000000
           44.7408757166             0.1888716225             1.1008645992             0.0000000000
           45.8808757166             0.1718040142             1.1267401811             0.0000000000
           47.0208757166             0.1571473287             1.1523428705             0.0000000000
           48.1608757166             0.1445483894             1.1776944439             0.0000000000
           49.3008757166             0.1336974958             1.2027795630             0.0000000000
           50.4408757166             0.1243253434             1.2275683953             0.0000000000
           51.5808757166             0.1161996128             1.2520187921             0.0000000000
           52.7208757166             0.1091213980             1.2761517437             0.0000000000
           53.8608757166             0.1029216111             1.2999519293             0.0000000000
           55.0008757166             0.0974574719             1.3233687913             0.0000000000
           56.1408757166             0.0926091657             1.3463904744             0.0000000000
           57.2808757166             0.0882767257             1.3690292316             0.0000000000
           58.4208757166             0.0843771782             1.3912699822             0.0000000000
           59.5608757166             0.0808419695             1.4130351873             0.0000000000
           60.7008757166             0.0776146799             1.4343560961             0.0000000000
           61.8408757166             0.0746490201             1.4552299613             0.0000000000
           62.9808757166             0.0719070954             1.4756324915             0.0000000000
           64.1208757166             0.0693579201             1.4954827862             0.0000000000
           65.2608757166             0.0669761580             1.5148387043             0.0000000000
           66.4008757166             0.0647410660             1.5336863853             0.0000000000
           67.5408757166             0.0626356169             1.5519749873             0.0000000000
           68.6808757166             0.0606457757             1.5696693007             0.0000000000
           69.8208757166             0.0587599092             1.5868118681             0.0000000000
           70.9608757166             0.0569683071             1.6033902925             0.0000000000
           72.1008757166             0.0552627966             1.6193228190             0.0000000000
           73.2408757166             0.0536364339             1.6346318842             0.0000000000
           74.3808757166             0.0520832599             1.6493391761             0.0000000000
           75.5208757166             0.0505981061             1.6634343912             0.0000000000
           76.6608757166             0.0491764421             1.6768019070             0.0000000000
           77.8008757166             0.0478142563             1.6895315052             0.0000000000
           78.9408757166             0.0465079619             1.7016193089             0.0000000000
           80.0808757166             0.0452543236             1.7130300347             0.0000000000
           81.2208757166             0.0440504004             1.7236960090             0.0000000000
           82.3608757166             0.0428935003             1.7336977521             0.0000000000
           83.5008757166             0.0417811448             1.7430300375             0.0000000000
           84.6408757166             0.0407110408             1.7516265350             0.0000000000
           85.7808757166             0.0396810577             1.7594880587             0.0000000000
           86.9208757166             0.0386892094             1.7666684177             0.0000000000
           88.0608757166             0.0377336391             1.7731657907             0.0000000000
           89.2008757166             0.0368126070             1.7788830977             0.0000000000
           90.3408757166             0.0359244795             1.7838927918             0.0000000000
           91.4808757166             0.0350677207             1.7882193745             0.0000000000
           92.6208757166             0.0342408842             1.7918546162             0.0000000000
           93.7608757166             0.0334426067             1.7947029453             0.0000000000
           94.9008757166             0.0326716016             1.7968770722             0.0000000000
           96.0408757166             0.0319266538             1.7983814695             0.0000000000
           97.1808757166             0.0312066147             1.7991793876             0.0000000000
           98.3208757166             0.0305103980             1.7992472337             0.0000000000
           99.4608757166             0.0298369755             1.7986656948             0.0000000000
          100.6008757166             0.0291853733             1.7974425802             0.0000000000
          101.7408757166             0.0285546686             1.7955159639             0.0000000000
          102.8808757166             0.0279439863             1.7929293770             0.0000000000
          104.0208757166             0.0273524963             1.7897319876             0.0000000000
          105.1608757166             0.0267794104             1.7859345472             0.0000000000
          106.3008757166             0.0262239804             1.7814548919             0.0000000000
          107.4408757166             0.0256854953             1.7763947154             0.0000000000
          108.5808757166             0.0251632789             1.7707741233             0.0000000000
          109.7208757166             0.0246566884             1.7645868653             0.0000000000
          110.8608757166             0.0241651121             1.7577948573             0.0000000000
          112.0008757166             0.0236879675             1.7504875376             0.0000000000
          113.1408757166             0.0232247001             1.7426794756             0.0000000000
          114.2808757166             0.0227747813             1.7343453866             0.0000000000
          115.4208757166             0.0223377073             1.7255022301             0.0000000000
          116.5608757166             0.0219129978             1.7162086419             0.0000000000
          117.7008757166             0.0215001943             1.7064804253             0.0000000000
          118.8408757166             0.0210988593             1.6962793957             0.0000000000
          119.9808757166             0.0207085752             1.6856640443             0.0000000000
          121.1208757166             0.0203289429             1.6746673243             0.0000000000
          122.2608757166             0.0199595810             1.6633024538             0.0000000000
          123.4008757166             0.0196001251             1.6515341332             0.0000000000
          124.5408757166             0.0192502266             1.6394384835             0.0000000000
          125.6808757166             0.0189095518             1.6270318629             0.0000000000
          126.8208757166             0.0185777817             1.6143144389             0.0000000000
          127.9608757166             0.0182546106             1.6012894270             0.0000000000
          129.1008757166             0.0179397457             1.5880067424             0.0000000000
          130.2408757166             0.0176329068             1.5744822452             0.0000000000
          131.3808757166             0.0173338250             1.5607090862             0.0000000000
          132.5208757166             0.0170422427             1.5467147752             0.0000000000
          133.6608757166             0.0167579126             1.5325295071             0.0000000000
          134.8008757166             0.0164805978             1.5181681845             0.0000000000
          135.9408757166             0.0162100706             1.5036224502             0.0000000000
          137.0808757166             0.0159461126             1.4889309112             0.0000000000
          138.2208757166             0.0156885141             1.4741104028             0.0000000000
          139.3608757166             0.0154370734             1.4591714291             0.0000000000
          140.5008757166             0.0151915970             1.4441181483             0.0000000000
          141.6408757166             0.0149518987             1.4289794427             0.0000000000
          142.7808757166             0.0147177996             1.4137677535             0.0000000000
          143.9208757166             0.0144891274             1.3984913014             0.0000000000
          145.0608757166             0.0142657167             1.3831635383             0.0000000000
          146.2008757166             0.0140474080             1.3678011785             0.0000000000
          147.3408757166             0.0138340479             1.3524150437             0.0000000000
          148.4808757166             0.0136254887             1.3370152062             0.0000000000
          149.6208757166             0.0134215882             1.3216144743             0.0000000000
          150.7608757166             0.0132222093             1.3062229079             0.0000000000
          151.9008757166             0.0130272198             1.2908497671             0.0000000000
          153.0408757166             0.0128364925             1.2755098751             0.0000000000
          154.1808757166             0.0126499047             1.2602079057             0.0000000000
          155.3208757166             0.0124673378             1.2449517622             0.0000000000
          156.4608757166             0.0122886778             1.2297522098             0.0000000000
          157.6008757166             0.0121138144             1.2146220160             0.0000000000
          158.7408757166             0.0119426413             1.1995611238             0.0000000000
          159.8808757166             0.0117750557             1.1845758862             0.0000000000
          161.0208757166             0.0116109586             1.1696812457             0.0000000000
          162.1608757166             0.0114502542             1.1548816332             0.0000000000
          163.3008757166             0.0112928499             1.1401762308             0.0000000000
          164.4408757166             0.0111386564             1.1255699701             0.0000000000
          165.5808757166             0.0109875874             1.1110838088             0.0000000000
          166.7208757166             0.0108395592             1.0967094627             0.0000000000
          167.8608757166             0.0106944911             1.0824483691             0.0000000000
          169.0008757166             0.0105523051             1.0683072388             0.0000000000
          170.1408757166             0.0104129255             1.0543050247             0.0000000000
          171.2808757166             0.0102762793             1.0404271299             0.0000000000
          172.4208757166             0.0101422957             1.0266763560             0.0000000000
          173.5608757166             0.0100109062             1.0130651032             0.0000000000
          174.7008757166             0.0098820445             0.9995996078             0.0000000000
          175.8408757166             0.0097556464             0.9862688177             0.0000000000
          176.9808757166             0.0096316498             0.9730745643             0.0000000000
          178.1208757166             0.0095099943             0.9600357351             0.0000000001
          179.2608757166             0.0093906217             0.9471440055             0.0000000001
          180.4008757166             0.0092734753             0.9343934615             0.0000000002
          181.5408757166             0.0091585003             0.9217851253             0.0000000002
          182.6808757166             0.0090456436             0.9093446842             0.0000000004
          183.8208757166             0.0089348535             0.8970484897             0.0000000006
          184.9608757166             0.0088260802             0.8848967319             0.0000000010
          186.1008757166             0.0087192750             0.8728965893             0.0000000016
          187.2408757166             0.0086143910             0.8610600436             0.0000000025
          188.3808757166             0.0085113824             0.8493686297             0.0000000039
          189.5208757166             0.0084102051             0.8378222934             0.0000000061
          190.6608757166             0.0083108158             0.8264347772             0.0000000094
          191.8008757166             0.0082131730             0.8152032088             0.0000000145
          192.9408757166             0.0081172360             0.8041157860             0.0000000221
          194.0808757166             0.0080229654             0.7931720206             0.0000000336
          195.2208757166             0.0079303229             0.7823920348             0.0000000508
          196.3608757166             0.0078392715             0.7717584960             0.0000000765
          197.5008757166             0.0077497749             0.7612664272             0.0000001144
          198.6408757166             0.0076617981             0.7509177475             0.0000001702
          199.7808757166             0.0075753069             0.7407303656             0.0000002519
          200.9208757166             0.0074902682             0.7306815207             0.0000003709
          202.0608757166             0.0074066497             0.7207702008             0.0000005430
          203.2008757166             0.0073244201             0.7110046451             0.0000007907
          204.3408757166             0.0072435487             0.7013885619             0.0000011453
          205.4808757166             0.0071640061             0.6919063377             0.0000016499
          206.6208757166             0.0070857632             0.6825567751             0.0000023642
          207.7608757166             0.0070087920             0.6733539845             0.0000033696
          208.9008757166             0.0069330651             0.6642884516             0.0000047769
          210.0408757166             0.0068585560             0.6553514076             0.0000067356
          211.1808757166             0.0067852387             0.6465415313             0.0000094469
          212.3208757166             0.0067130880             0.6378782726             0.0000131788
          213.4608757166             0.0066420794             0.6293400469             0.0000182872
          214.6008757166             0.0065721889             0.6209244926             0.0000252406
          215.7408757166             0.0065033932             0.6126351659             0.0000346530
          216.8808757166             0.0064356696             0.6044814270             0.0000473231
          218.0208757166             0.0063689960             0.5964457160             0.0000642833
          219.1608757166             0.0063033509             0.5885266066             0.0000868603
          220.3008757166             0.0062387133             0.5807329538             0.0001167468
          221.4408757166             0.0061750627             0.5730622947             0.0001560895
          222.5808757166             0.0061123791             0.5655035054             0.0002075920
          223.7208757166             0.0060506431             0.5580551481             0.0002746379
          224.8608757166             0.0059898358             0.5507308041             0.0003614325
          226.0008757166             0.0059299386             0.5435174198             0.0004731681
          227.1408757166             0.0058709336             0.5364097404             0.0006162115
          228.2808757166             0.0058128030             0.5294077757             0.0007983165
          229.4208757166             0.0057555299             0.5225249620             0.0010288602
          230.5608757166             0.0056990973             0.5157431778             0.0013191037
          231.7008757166             0.0056434890             0.5090610210             0.0016824741
          232.8408757166             0.0055886891             0.5024832036             0.0021348653
          233.9808757166             0.0055346819             0.4960127623             0.0026949536
          235.1208757166             0.0054814523             0.4896373885             0.0033845206
          236.2608757166             0.0054289854             0.4833557216             0.0042287766
          237.4008757166             0.0053772669             0.4771766244             0.0052566733
          238.5408757166             0.0053262825             0.4710939126             0.0065011951
          239.6808757166             0.0052760184             0.4651005029             0.0079996139
          240.8208757166             0.0052264612             0.4591950863             0.0097936930
          241.9608757166             0.0051775977             0.4533901534             0.0119298229
          243.1008757166             0.0051294150             0.4476714158             0.0144590707
          244.2408757166             0.0050819006             0.4420364484             0.0174371264
          245.3808757166             0.0050350421             0.4364869004             0.0209241261
          246.5208757166             0.0049888277             0.4310297026             0.0249843379
          247.6608757166             0.0049432455             0.4256522041             0.0296856940
          248.8008757166             0.0048982841             0.4203532014             0.0350991584
          249.9408757166             0.0048539323             0.4151379614             0.0412979223
          251.0808757166             0.0048101792             0.4100054381             0.0483564252
          252.2208757166             0.0047670139             0.4049475465             0.0563492036
          253.3608757166             0.0047244262             0.3999631470             0.0653495790
          254.5008757166             0.0046824057             0.3950606618             0.0754282011
          255.6408757166             0.0046409424             0.3902320510             0.0866514703
          256.7808757166             0.0046000265             0.3854732802             0.0990798717
          257.9208757166             0.0045596485             0.3807838384             0.1127662597
          259.0608757166             0.0045197989             0.3761731858             0.1277541362
          260.2008757166             0.0044804687             0.3716288840             0.1440759734
          261.3408757166             0.0044416487             0.3671499070             0.1617516341
          262.4808757166             0.0044033304             0.3627388790             0.1807869441
          263.6208757166             0.0043655050             0.3583983913             0.2011724706
          264.7608757166             0.0043281642             0.3541199490             0.2228825589
          265.9008757166             0.0042912997             0.3499025890             0.2458746741
          267.0408757166             0.0042549035             0.3457516709             0.2700890871
          268.1808757166             0.0042189677             0.3416637634             0.2954489351
          269.3208757166             0.0041834845             0.3376338633             0.3218606758
          270.4608757166             0.0041484465             0.3336610684             0.3492149430
          271.6008757166             0.0041138462             0.3297531113             0.3773877958
          272.7408757166             0.0040796763             0.3259013060             0.4062423420
          273.8808757166             0.0040459298             0.3221037283             0.4356307019
          275.0208757166             0.0040125997             0.3183611144             0.4653962671
          276.1608757166             0.0039796792             0.3146785029             0.4953761959
          277.3008757166             0.0039471616             0.3110473869             0.5254040807
          278.4408757166             0.0039150404             0.3074669662             0.5553127138
          279.5808757166             0.0038833092             0.3039403427             0.5849368757
          280.7208757166             0.0038519616             0.3004673759             0.6141160674
          281.8608757166             0.0038209916             0.2970425540             0.6426971139
          283.0008757166             0.0037903931             0.2936651302             0.6705365653
          284.1408757166             0.0037601602             0.2903402658             0.6975028367
          285.2808757166             0.0037302870             0.2870632887             0.7234780313
          286.4208757166             0.0037007681             0.2838313313             0.7483594076
          287.5608757166             0.0036715976             0.2806438164             0.7720604621
          288.7008757166             0.0036427703             0.2775073324             0.7945116136
          289.8408757166             0.0036142807             0.2744136150             0.8156604877
          290.9808757166             0.0035861236             0.2713620050             0.8354718145
          292.1208757166             0.0035582939             0.2683539685             0.8539269635
          293.2608757166             0.0035307864             0.2653916431             0.8710231492
          294.4008757166             0.0035035963             0.2624693268             0.8867723522
          295.5408757166             0.0034767187             0.2595864054             0.9012000026
          296.6808757166             0.0034501488             0.2567461310             0.9143434814
          297.8208757166             0.0034238820             0.2539467329             0.9262504914
          298.9608757166             0.0033979137             0.2511847763             0.9369773558
          300.1008757166             0.0033722393             0.2484596897             0.9465872930
          301.2408757166             0.0033468544             0.2457762795             0.9551487165
          302.3808757166             0.0033217548             0.2431293548             0.9627336031
          303.5208757166             0.0032969362             0.2405174819             0.9694159633
          304.6608757166             0.0032723943             0.2379409602             0.9752704438
          305.8008757166             0.0032481252             0.2354034498             0.9803710819
          306.9408757166             0.0032241247             0.2328992707             0.9847902278
          308.0808757166             0.0032003889             0.2304279198             0.9885976397
          309.2208757166             0.0031769141             0.2279912446             0.9918597530
          310.3608757166             0.0031536962             0.2255895333             0.9946391201
          311.5008757166             0.0031307317             0.2232190493             0.9969940093
          312.6408757166             0.0031080168             0.2208793243             0.9989781510
          313.7808757166             0.0030855480             0.2185735608             1.0006406164
          314.9208757166             0.0030633217             0.2162990821             1.0020258090
          316.0608757166             0.0030413344             0.2140538729             1.0031735542
          317.2008757166             0.0030195828             0.2118374976             1.0041192651
          318.3408757166             0.0029980634             0.2096543395             1.0048941711
          319.4808757166             0.0029767730             0.2074991233             1.0055255896
          320.6208757166             0.0029557084             0.2053713548             1.0060372282
          321.7608757166             0.0029348663             0.2032718592             1.0064495031
          322.9008757166             0.0029142437             0.2012023536             1.0067798638
          324.0408757166             0.0028938374             0.1991589839             1.0070431131
          325.1808757166             0.0028736446             0.1971413663             1.0072517178
          326.3208757166             0.0028536621             0.1951515068             1.0074161013
          327.4608757166             0.0028338871             0.1931885508             1.0075449175
          328.6008757166             0.0028143168             0.1912501257             1.0076453005
          329.7408757166             0.0027949483             0.1893358744             1.0077230912
          330.8808757166             0.0027757789             0.1874488383             1.0077830389
          332.0208757166             0.0027568058             0.1855858965             1.0078289794
          333.1608757166             0.0027380264             0.1837459916             1.0078639896
          334.3008757166             0.0027194380             0.1819292122             1.0078905219
          335.4408757166             0.0027010381             0.1801382399             1.0079105173
          336.5808757166             0.0026828242             0.1783692277             1.0079255025
          337.7208757166             0.0026647937             0.1766218606             1.0079366705
          338.8608757166             0.0026469442             0.1748972573             1.0079449473
          340.0008757166             0.0026292732             0.1731958655             1.0079510473
          341.1408757166             0.0026117785             0.1715151156             1.0079555179
          342.2808757166             0.0025944576             0.1698547141             1.0079587763
          343.4208757166             0.0025773083             0.1682166878             1.0079611378
          344.5608757166             0.0025603284             0.1665995067             1.0079628399
          345.7008757166             0.0025435155             0.1650017390             1.0079640598
          346.8408757166             0.0025268676             0.1634231110             1.0079649293
          347.9808757166             0.0025103824             0.1618664480             1.0079655455
          349.1208757166             0.0024940579             0.1603284728             1.0079659799
          350.2608757166             0.0024778919             0.1588087658             1.0079662844
          351.4008757166             0.0024618825             0.1573077922             1.0079664966
          352.5408757166             0.0024460276             0.1558269150             1.0079666437
          353.6808757166             0.0024303253             0.1543634795             1.0079667450
          354.8208757166             0.0024147735             0.1529172438             1.0079668145
          355.9608757166             0.0023993704             0.1514894700             1.0079668619
          357.1008757166             0.0023841141             0.1500797916             1.0079668940
          358.2408757166             0.0023690028             0.1486865389             1.0079669157
          359.3808757166             0.0023540345             0.1473094803             1.0079669302
          360.5208757166             0.0023392075             0.1459505608             1.0079669398
          361.6608757166             0.0023245201             0.1446078404             1.0079669463
          362.8008757166             0.0023099704             0.1432804694             1.0079669505
          363.9408757166             0.0022955568             0.1419683539             1.0079669533
          365.0808757166             0.0022812776             0.1406733627             1.0079669551
          366.2208757166             0.0022671311             0.1393928344             1.0079669562
          367.3608757166             0.0022531156             0.1381265511             1.0079669570
          368.5008757166             0.0022392297             0.1368751728             1.0079669575
          369.6408757166             0.0022254716             0.1356391578             1.0079669578
          370.7808757166             0.0022118398             0.1344167442             1.0079669580
          371.9208757166             0.0021983328             0.1332077468             1.0079669581
          373.0608757166             0.0021849490             0.1320134386             1.0079669582
          374.2008757166             0.0021716870             0.1308329674             1.0079669582
          375.3408757166             0.0021585453             0.1296653225             1.0079669583
          376.4808757166             0.0021455224             0.1285103308             1.0079669583
          377.6208757166             0.0021326170             0.1273698013             1.0079669583
          378.7608757166             0.0021198275             0.1262417139             1.0079669583
          379.9008757166             0.0021071527             0.1251257286             1.0079669583
          381.0408757166             0.0020945911             0.1240220957             1.0079669583
          382.1808757166             0.0020821414             0.1229318610             1.0079669583
          383.3208757166             0.0020698023             0.1218532049             1.0079669583
          384.4608757166             0.0020575725             0.1207859741             1.0079669583
          385.6008757166             0.0020454507             0.1197309529             1.0079669583
          386.7408757166             0.0020334356             0.1186880328             1.0079669583
          387.8808757166             0.0020215260             0.1176560488             1.0079669583
          389.0208757166             0.0020097207             0.1166348574             1.0079669583
          390.1608757166             0.0019980183             0.1156257187             1.0079669583
          391.3008757166             0.0019864179             0.1146274929             1.0079669583
          392.4408757166             0.0019749181             0.1136396028             1.0079669583
          393.5808757166             0.0019635178             0.1126619913             1.0079669583
          394.7208757166             0.0019522158             0.1116961103             1.0079669583
          395.8608757166             0.0019410111             0.1107401314             1.0079669583
          397.0008757166             0.0019299025             0.1097939275             1.0079669583
          398.1408757166             0.0019188890             0.1088579139             1.0079669583
          399.2808757166             0.0019079694             0.1079325267             1.0079669583
          400.4208757166             0.0018971426             0.1070165099             1.0079669583
          401.5608757166             0.0018864077             0.1061097449             1.0079669583
          402.7008757166             0.0018757636             0.1052130700             1.0079669583
          403.8408757166             0.0018652093             0.1043260097             1.0079669583
          404.9808757166             0.0018547438             0.1034478239             1.0079669583
          406.1208757166             0.0018443660             0.1025784021             1.0079669583
          407.2608757166             0.0018340750             0.1017189614             1.0079669583
          408.4008757166             0.0018238699             0.1008682085             1.0079669583
          409.5408757166             0.0018137496             0.1000258684             1.0079669583
          410.6808757166             0.0018037133             0.0991920792             1.0079669583
          411.8208757166             0.0017937600             0.0983676739             1.0079669583
          412.9608757166             0.0017838889             0.0975513489             1.0079669583
          414.1008757166             0.0017740989             0.0967430072             1.0079669583
          415.2408757166             0.0017643892             0.0959431650             1.0079669583
          416.3808757166             0.0017547590             0.0951518466             1.0079669583
          417.5208757166             0.0017452074             0.0943682028             1.0079669583
          418.6608757166             0.0017357335             0.0935921435             1.0079669583
          419.8008757166             0.0017263365             0.0928245258             1.0079669583
          420.9408757166             0.0017170156             0.0920646440             1.0079669583
          422.0808757166             0.0017077699             0.0913120605             1.0079669583
          423.2208757166             0.0016985986             0.0905667059             1.0079669583
          424.3608757166             0.0016895009             0.0898297026             1.0079669583
          425.5008757166             0.0016804762             0.0890997276             1.0079669583
          426.6408757166             0.0016715234             0.0883767021             1.0079669583
          427.7808757166             0.0016626420             0.0876608962             1.0079669583
          428.9208757166             0.0016538312             0.0869527117             1.0079669583
          430.0608757166             0.0016450902             0.0862512269             1.0079669583
          431.2008757166             0.0016364182             0.0855563689             1.0079669583
          432.3408757166             0.0016278146             0.0848687161             1.0079669583
          433.4808757166             0.0016192786             0.0841880151             1.0079669583
          434.6208757166             0.0016108096             0.0835137095             1.0079669583
          435.7608757166             0.0016024068             0.0828457319             1.0079669583
          436.9008757166             0.0015940695             0.0821849420             1.0079669583
          438.0408757166             0.0015857971             0.0815304881             1.0079669583
          439.1808757166             0.0015775889             0.0808821480             1.0079669583
          440.3208757166             0.0015694442             0.0802400012             1.0079669583
          441.4608757166             0.0015613624             0.0796047375             1.0079669583
          442.6008757166             0.0015533428             0.0789753853             1.0079669583
          443.7408757166             0.0015453849             0.0783518852             1.0079669583
          444.8808757166             0.0015374878             0.0777345972             1.0079669583
          446.0208757166             0.0015296512             0.0771236183             1.0079669583
          447.1608757166             0.0015218742             0.0765183032             1.0079669583
          448.3008757166             0.0015141564             0.0759185968             1.0079669583
          449.4408757166             0.0015064971             0.0753251160             1.0079669583
          450.5808757166             0.0014988958             0.0747374129             1.0079669583
          451.7208757166             0.0014913518             0.0741551422             1.0079669583
          452.8608757166             0.0014838646             0.0735782524             1.0079669583
          454.0008757166             0.0014764336             0.0730075964             1.0079669583
          455.1408757166             0.0014690582             0.0724422243             1.0079669583
          456.2808757166             0.0014617380             0.0718820674             1.0079669583
          457.4208757166             0.0014544723             0.0713273097             1.0079669583
          458.5608757166             0.0014472606             0.0707782831             1.0079669583
