# Energy loss (meV)	Quasi-elastic (arb. units)	Magnetic excitations (arb. units)	dd excitations (arb. units)
         -226.3441722052             0.0332690051             0.0115179982             0.0000000000
         -225.2041722052             0.0336045008             0.0116296692             0.0000000000
         -224.0641722052             0.0339450858             0.0117424182             0.0000000000
         -222.9241722052             0.0342908635             0.0118562701             0.0000000000
         -221.7841722052             0.0346419397             0.0119712705             0.0000000000
         -220.6441722052             0.0349984228             0.0120876038             0.0000000000
         -219.5041722052             0.0353604244             0.0122051237             0.0000000000
         -218.3641722052             0.0357280586             0.0123238563             0.0000000000
         -217.2241722052             0.0361014425             0.0124438737             0.0000000000
         -216.0841722052             0.0364806965             0.0125653319             0.0000000000
         -214.9441722052             0.0368659439             0.0126880916             0.0000000000
         -213.8041722052             0.0372573114             0.0128121808             0.0000000000
         -212.6641722052             0.0376549290             0.0129377025             0.0000000000
         -211.5241722052             0.0380589301             0.0130647771             0.0000000000
         -210.3841722052             0.0384694518             0.0131932760             0.0000000000
         -209.2441722052             0.0388866348             0.0133232291             0.0000000000
         -208.1041722052             0.0393106236             0.0134547756             0.0000000000
         -206.9641722052             0.0397415667             0.0135879924             0.0000000000
         -205.8241722052             0.0401796167             0.0137227652             0.0000000000
         -204.6841722052             0.0406249301             0.0138591262             0.0000000000
         -203.5441722052             0.0410776682             0.0139972567             0.0000000000
         -202.4041722052             0.0415379963             0.0141371812             0.0000000000
         -201.2641722052             0.0420060847             0.0142788038             0.0000000000
         -200.1241722052             0.0424821083             0.0144221594             0.0000000000
         -198.9841722052             0.0429662469             0.0145674778             0.0000000000
         -197.8441722052             0.0434586855             0.0147147214             0.0000000000
         -196.7041722052             0.0439596144             0.0148638172             0.0000000000
         -195.5641722052             0.0444692294             0.0150148031             0.0000000000
         -194.4241722052             0.0449877318             0.0151679650             0.0000000000
         -193.2841722052             0.0455153288             0.0153231917             0.0000000000
         -192.1441722052             0.0460522338             0.0154804385             0.0000000000
         -191.0041722052             0.0465986664             0.0156397467             0.0000000000
         -189.8641722052             0.0471548526             0.0158014668             0.0000000000
         -188.7241722052             0.0477210251             0.0159654013             0.0000000000
         -187.5841722052             0.0482974238             0.0161315394             0.0000000000
         -186.4441722052             0.0488842957             0.0162999264             0.0000000000
         -185.3041722052             0.0494818951             0.0164709871             0.0000000000
         -184.1641722052             0.0500904842             0.0166444229             0.0000000000
         -183.0241722052             0.0507103334             0.0168202640             0.0000000000
         -181.8841722052             0.0513417211             0.0169985848             0.0000000000
         -180.7441722052             0.0519849345             0.0171798213             0.0000000000
         -179.6041722052             0.0526402698             0.0173636313             0.0000000000
         -178.4641722052             0.0533080324             0.0175500687             0.0000000000
         -177.3241722052             0.0539885375             0.0177392647             0.0000000000
         -176.1841722052             0.0546821101             0.0179315986             0.0000000000
         -175.0441722052             0.0553890857             0.0181267460             0.0000000000
         -173.9041722052             0.0561098107             0.0183247664             0.0000000000
         -172.7641722052             0.0568446425             0.0185258580             0.0000000000
         -171.6241722052             0.0575939503             0.0187303300             0.0000000000
         -170.4841722052             0.0583581155             0.0189378815             0.0000000000
         -169.3441722052             0.0591375318             0.0191485785             0.0000000000
         -168.2041722052             0.0599326062             0.0193626983             0.0000000000
         -167.0641722052             0.0607437592             0.0195804638             0.0000000000
         -165.9241722052             0.0615714256             0.0198016047             0.0000000000
         -164.7841722052             0.0624160548             0.0200261946             0.0000000000
         -163.6441722052             0.0632781116             0.0202546038             0.0000000000
         -162.5041722052             0.0641580767             0.0204869501             0.0000000000
         -161.3641722052             0.0650564475             0.0207230020             0.0000000000
         -160.2241722052             0.0659737386             0.0209628421             0.0000000000
         -159.0841722052             0.0669104826             0.0212069498             0.0000000000
         -157.9441722052             0.0678672312             0.0214553157             0.0000000000
         -156.8041722052             0.0688445553             0.0217077573             0.0000000000
         -155.6641722052             0.0698430464             0.0219643672             0.0000000000
         -154.5241722052             0.0708633175             0.0222257533             0.0000000000
         -153.3841722052             0.0719060034             0.0224917527             0.0000000000
         -152.2441722052             0.0729717625             0.0227622437             0.0000000000
         -151.1041722052             0.0740612772             0.0230373303             0.0000000000
         -149.9641722052             0.0751752552             0.0233177722             0.0000000000
         -148.8241722052             0.0763144307             0.0236032214             0.0000000000
         -147.6841722052             0.0774795656             0.0238936311             0.0000000000
         -146.5441722052             0.0786714504             0.0241891189             0.0000000000
         -145.4041722052             0.0798909058             0.0244906230             0.0000000000
         -144.2641722052             0.0811387843             0.0247975732             0.0000000000
         -143.1241722052             0.0824159712             0.0251100145             0.0000000000
         -141.9841722052             0.0837233864             0.0254280902             0.0000000000
         -140.8441722052             0.0850619859             0.0257529200             0.0000000000
         -139.7041722052             0.0864327637             0.0260836960             0.0000000000
         -138.5641722052             0.0878367533             0.0264205657             0.0000000000
         -137.4241722052             0.0892750300             0.0267638075             0.0000000000
         -136.2841722052             0.0907487125             0.0271144415             0.0000000000
         -135.1441722052             0.0922589654             0.0274716879             0.0000000000
         -134.0041722052             0.0938070011             0.0278357152             0.0000000000
         -132.8641722052             0.0953940824             0.0282069662             0.0000000000
         -131.7241722052             0.0970215250             0.0285863289             0.0000000000
         -130.5841722052             0.0986906999             0.0289730659             0.0000000000
         -129.4441722052             0.1004030367             0.0293673705             0.0000000000
         -128.3041722052             0.1021600262             0.0297698858             0.0000000000
         -127.1641722052             0.1039632235             0.0301813271             0.0000000000
         -126.0241722052             0.1058142517             0.0306010176             0.0000000000
         -124.8841722052             0.1077148052             0.0310291798             0.0000000000
         -123.7441722052             0.1096666534             0.0314667016             0.0000000000
         -122.6041722052             0.1116716451             0.0319140749             0.0000000000
         -121.4641722052             0.1137317123             0.0323707063             0.0000000000
         -120.3241722052             0.1158488747             0.0328368531             0.0000000000
         -119.1841722052             0.1180252451             0.0333137022             0.0000000000
         -118.0441722052             0.1202630338             0.0338014594             0.0000000000
         -116.9041722052             0.1225645543             0.0342996436             0.0000000000
         -115.7641722052             0.1249322294             0.0348085535             0.0000000000
         -114.6241722052             0.1273685969             0.0353297422             0.0000000000
         -113.4841722052             0.1298763162             0.0358630508             0.0000000000
         -112.3441722052             0.1324581758             0.0364081470             0.0000000000
         -111.2041722052             0.1351171001             0.0369653794             0.0000000000
         -110.0641722052             0.1378561580             0.0375367503             0.0000000000
         -108.9241722052             0.1406785711             0.0381216379             0.0000000000
         -107.7841722052             0.1435877229             0.0387199049             0.0000000000
         -106.6441722052             0.1465871683             0.0393319604             0.0000000000
         -105.5041722052             0.1496806447             0.0399603596             0.0000000000
         -104.3641722052             0.1528720827             0.0406038940             0.0000000000
         -103.2241722052             0.1561656182             0.0412626802             0.0000000000
         -102.0841722052             0.1595656054             0.0419372013             0.0000000000
         -100.9441722052             0.1630766307             0.0426306951             0.0000000000
          -99.8041722052             0.1667035278             0.0433412099             0.0000000000
          -98.6641722052             0.1704513938             0.0440691920             0.0000000000
          -97.5241722052             0.1743256068             0.0448154305             0.0000000000
          -96.3841722052             0.1783318449             0.0455833636             0.0000000000
          -95.2441722052             0.1824761075             0.0463707439             0.0000000000
          -94.1041722052             0.1867647380             0.0471782290             0.0000000000
          -92.9641722052             0.1912044497             0.0480071406             0.0000000000
          -91.8241722052             0.1958023538             0.0488607112             0.0000000000
          -90.6841722052             0.2005659926             0.0497367577             0.0000000000
          -89.5441722052             0.2055033758             0.0506360704             0.0000000000
          -88.4041722052             0.2106230242             0.0515606617             0.0000000000
          -87.2641722052             0.2159340202             0.0525134350             0.0000000000
          -86.1241722052             0.2214460690             0.0534923354             0.0000000000
          -84.9841722052             0.2271695728             0.0544983200             0.0000000000
          -83.8441722052             0.2331157227             0.0555343011             0.0000000000
          -82.7041722052             0.2392966134             0.0566026862             0.0000000000
          -81.5641722052             0.2457253890             0.0577016394             0.0000000000
          -80.4241722052             0.2524164287             0.0588323327             0.0000000000
          -79.2841722052             0.2593855865             0.0599988591             0.0000000000
          -78.1441722052             0.2666504998             0.0612029101             0.0000000000
          -77.0041722052             0.2742309903             0.0624430015             0.0000000000
          -75.8641722052             0.2821495828             0.0637205945             0.0000000000
          -74.7241722052             0.2904321776             0.0650413602             0.0000000000
          -73.5841722052             0.2991089192             0.0664059927             0.0000000000
          -72.4441722052             0.3082153142             0.0678135709             0.0000000000
          -71.3041722052             0.3177936658             0.0692659815             0.0000000000
          -70.1641722052             0.3278949023             0.0707710950             0.0000000000
          -69.0241722052             0.3385808964             0.0723282769             0.0000000000
          -67.8841722052             0.3499273878             0.0739375510             0.0000000000
          -66.7441722052             0.3620276396             0.0756015339             0.0000000000
          -65.6041722052             0.3749969804             0.0773314291             0.0000000000
          -64.4641722052             0.3889784023             0.0791249448             0.0000000000
          -63.3241722052             0.4041494023             0.0809838456             0.0000000000
          -62.1841722052             0.4207302726             0.0829122313             0.0000000000
          -61.0441722052             0.4389940534             0.0849270658             0.0000000000
          -59.9041722052             0.4592783691             0.0870241522             0.0000000000
          -58.7641722052             0.4819993591             0.0892088255             0.0000000000
          -57.6241722052             0.5076678999             0.0914888992             0.0000000000
          -56.4841722052             0.5369082791             0.0938917236             0.0000000000
          -55.3441722052             0.5704794279             0.0964119956             0.0000000000
          -54.2041722052             0.6092987420             0.0990625635             0.0000000000
          -53.0641722052             0.6544684181             0.1018621862             0.0000000000
          -51.9241722052             0.7073041020             0.1048535535             0.0000000000
          -50.7841722052             0.7693654819             0.1080373555             0.0000000000
          -49.6441722052             0.8424882687             0.1114408578             0.0000000000
          -48.5041722052             0.9288167875             0.1151080440             0.0000000000
          -47.3641722052             1.0308361566             0.1191124576             0.0000000000
          -46.2241722052             1.1514027719             0.1234686222             0.0000000000
          -45.0841722052             1.2937715432             0.1282338593             0.0000000000
          -43.9441722052             1.4616180640             0.1335078916             0.0000000000
          -42.8041722052             1.6590536520             0.1394190985             0.0000000000
          -41.6641722052             1.8906309933             0.1460100723             0.0000000000
          -40.5241722052             2.1613379745             0.1533948767             0.0000000000
          -39.3841722052             2.4765772253             0.1617875323             0.0000000000
          -38.2441722052             2.8421289339             0.1713980140             0.0000000000
          -37.1041722052             3.2640946598             0.1823195147             0.0000000000
          -35.9641722052             3.7488201798             0.1947612155             0.0000000000
          -34.8241722052             4.3027958639             0.2091503558             0.0000000000
          -33.6841722052             4.9325337059             0.2257878722             0.0000000000
          -32.5441722052             5.6444209180             0.2448477098             0.0000000000
          -31.4041722052             6.4445509301             0.2666773198             0.0000000000
          -30.2641722052             7.3385336913             0.2920604405             0.0000000000
          -29.1241722052             8.3312883036             0.3213413192             0.0000000000
          -27.9841722052             9.4268221952             0.3548064093             0.0000000000
          -26.8441722052            10.6280021799             0.3929704036             0.0000000000
          -25.7041722052            11.9363237999             0.4371427295             0.0000000000
          -24.5641722052            13.3516862177             0.4875548390             0.0000000000
          -23.4241722052            14.8721805454             0.5446258463             0.0000000000
          -22.2841722052            16.4938997970             0.6090220746             0.0000000000
          -21.1441722052            18.2107785634             0.6827196761             0.0000000000
          -20.0041722052            20.0144700178             0.7655389299             0.0000000000
          -18.8641722052            21.8942669507             0.8580208846             0.0000000000
          -17.7241722052            23.8370722775             0.9608920229             0.0000000000
          -16.5841722052            25.8274229722             1.0768182055             0.0000000000
          -15.4441722052            27.8475698602             1.2047988202             0.0000000000
          -14.3041722052            29.8776144291             1.3454348432             0.0000000000
          -13.1641722052            31.8957031367             1.4995165090             0.0000000000
          -12.0241722052            33.8782799515             1.6696514267             0.0000000000
          -10.8841722052            35.8003993073             1.8541809065             0.0000000000
           -9.7441722052            37.6361042283             2.0534542983             0.0000000000
           -8.6041722052            39.3588775196             2.2681867185             0.0000000000
           -7.4641722052            40.9421762464             2.5001239750             0.0000000000
           -6.3241722052            42.3600590958             2.7471249385             0.0000000000
           -5.1841722052            43.5879099572             3.0089857566             0.0000000000
           -4.0441722052            44.6032470420             3.2860313068             0.0000000000
           -2.9041722052            45.3865849823             3.5786034901             0.0000000000
           -1.7641722052            45.9222910853             3.8842134743             0.0000000000
           -0.6241722052            46.1993537830             4.2019379081             0.0000000000
            0.5158277948            46.2119710316             4.5313321106             0.0000000000
            1.6558277948            45.9598768322             4.8711951774             0.0000000000
            2.7958277948            45.4483564803             5.2189564063             0.0000000000
            3.9358277948            44.6879481701             5.5730106368             0.0000000000
            5.0758277948            43.6938763190             5.9318521653             0.0000000000
            6.2158277948            42.4852962554             6.2932332671             0.0000000000
            7.3558277948            41.0844424954             6.6548660632             0.0000000000
            8.4958277948            39.5157642554             7.0147698808             0.0000000000
            9.6358277948            37.8051094988             7.3703405184             0.0000000000
           10.7758277948            35.9789924779             7.7193320334             0.0000000000
           11.9158277948            34.0639572140             8.0600696189             0.0000000000
           13.0558277948            32.0860345546             8.3906659683             0.0000000000
           14.1958277948            30.0702835282             8.7076620631             0.0000000000
           15.3358277948            28.0404066620             9.0099619118             0.0000000000
           16.4758277948            26.0184310867             9.2966451074             0.0000000000
           17.6158277948            24.0244503802             9.5663383998             0.0000000000
           18.7558277948            22.0764247714             9.8151485171             0.0000000000
           19.8958277948            20.1900388801            10.0438788266             0.0000000000
           21.0358277948            18.3786165401            10.2522863041             0.0000000000
           22.1758277948            16.6530916379            10.4397375074             0.0000000000
           23.3158277948            15.0220326729            10.6023730917             0.0000000000
           24.4558277948            13.4917172332            10.7430018783             0.0000000000
           25.5958277948            12.0662510760            10.8618478660             0.0000000000
           26.7358277948            10.7477252205            10.9589086587             0.0000000000
           27.8758277948             9.5364035147            11.0310916568             0.0000000000
           29.0158277948             8.4309326050            11.0823999632             0.0000000000
           30.1558277948             7.4285661130            11.1133985241             0.0000000000
           31.2958277948             6.5253950904            11.1243285152             0.0000000000
           32.4358277948             5.7165774125            11.1137805937             0.0000000000
           33.5758277948             4.9965596240            11.0854827788             0.0000000000
           34.7158277948             4.3592857830            11.0403742122             0.0000000000
           35.8558277948             3.7983889880            10.9788411071             0.0000000000
           36.9958277948             3.3073624444            10.9008091130             0.0000000000
           38.1358277948             2.8797080690            10.8093351223             0.0000000000
           39.2758277948             2.5090616967            10.7054809992             0.0000000000
           40.4158277948             2.1892948969            10.5897071536             0.0000000000
           41.5558277948             1.9145942068            10.4627363813             0.0000000000
           42.6958277948             1.6795192326            10.3268140350             0.0000000000
           43.8358277948             1.4790415467            10.1829310339             0.0000000000
           44.9758277948             1.3085666311            10.0315811931             0.0000000000
           46.1158277948             1.1639412965             9.8737693961             0.0000000000
           47.2558277948             1.0414490555             9.7109824547             0.0000000000
           48.3958277948             0.9377958746             9.5440301524             0.0000000000
           49.5358277948             0.8500885896             9.3734227460             0.0000000000
           50.6758277948             0.7758080687             9.2000740674             0.0000000000
           51.8158277948             0.7127789661             9.0248703650             0.0000000000
           52.9558277948             0.6591376437             8.8484055651             0.0000000000
           54.0958277948             0.6132995719             8.6712034775             0.0000000000
           55.2358277948             0.5739272537             8.4938823919             0.0000000000
           56.3758277948             0.5398994720             8.3169136727             0.0000000000
           57.5158277948             0.5102824387             8.1406911913             0.0000000000
           58.6558277948             0.4843032272             7.9657545702             0.0000000000
           59.7958277948             0.4613257071             7.7923594954             0.0000000000
           60.9358277948             0.4408290661             7.6207270606             0.0000000000
           62.0758277948             0.4223888961             7.4510909764             0.0000000000
           63.2158277948             0.4056607444             7.2840083131             0.0000000000
           64.3558277948             0.3903659731             7.1193915639             0.0000000000
           65.4958277948             0.3762797328             6.9573347065             0.0000000000
           66.6358277948             0.3632208402             6.7979559069             0.0000000000
           67.7758277948             0.3510433394             6.6418283104             0.0000000000
           68.9158277948             0.3396295314             6.4885815191             0.0000000000
           70.0558277948             0.3288842666             6.3382630830             0.0000000000
           71.1958277948             0.3187303098             6.1909592149             0.0000000000
           72.3358277948             0.3091046066             6.0471205067             0.0000000000
           73.4758277948             0.2999552968             5.9062985550             0.0000000000
           74.6158277948             0.2912393432             5.7684962695             0.0000000000
           75.7558277948             0.2829206603             5.6338063967             0.0000000000
           76.8958277948             0.2749686466             5.5025236053             0.0000000000
           78.0358277948             0.2673570394             5.3742135019             0.0000000000
           79.1758277948             0.2600630244             5.2488481983             0.0000000000
           80.3158277948             0.2530665478             5.1265409524             0.0000000000
           81.4558277948             0.2463497832             5.0074428385             0.0000000000
           82.5958277948             0.2398967218             4.8911674152             0.0000000000
           83.7358277948             0.2336928555             4.7776706519             0.0000000000
           84.8758277948             0.2277249315             4.6670905294             0.0000000000
           86.0158277948             0.2219807621             4.5594549710             0.0000000000
           87.1558277948             0.2164490758             4.4544393170             0.0000000000
           88.2958277948             0.2111193997             4.3519925066             0.0000000000
           89.4358277948             0.2059819657             4.2522761038             0.0000000000
           90.5758277948             0.2010276350             4.1552170536             0.0000000000
           91.7158277948             0.1962478358             4.0605548278             0.0000000000
           92.8558277948             0.1916345118             3.9682367413             0.0000000000
           93.9958277948             0.1871800781             3.8784442591             0.0000000000
           95.1358277948             0.1828773836             3.7910242459             0.0000000000
           96.2758277948             0.1787196789             3.7057766442             0.0000000000
           97.4158277948             0.1747005863             3.6226501954             0.0000000000
           98.5558277948             0.1708140748             3.5418416855             0.0000000000
           99.6958277948             0.1670544368             3.4631363278             0.0000000000
          100.8358277948             0.1634162664             3.3863881147             0.0000000000
          101.9758277948             0.1598944406             3.3115488219             0.0000000000
          103.1158277948             0.1564841014             3.2388259645             0.0000000000
          104.2558277948             0.1531806397             3.1679587646             0.0000000000
          105.3958277948             0.1499796797             3.0988479171             0.0000000000
          106.5358277948             0.1468770652             3.0314489779             0.0000000000
          107.6758277948             0.1438688468             2.9659760181             0.0000000000
          108.8158277948             0.1409512693             2.9021352684             0.0000000000
          109.9558277948             0.1381207608             2.8398668306             0.0000000000
          111.0958277948             0.1353739219             2.7791403671             0.0000000000
          112.2358277948             0.1327075161             2.7201426700             0.0000000000
          113.3758277948             0.1301184603             2.6625878448             0.0000000000
          114.5158277948             0.1276038167             2.6064385532             0.0000000000
          115.6558277948             0.1251607844             2.5516912219             0.0000000000
          116.7958277948             0.1227866919             2.4984643040             0.0000000000
          117.9358277948             0.1204789900             2.4465264297             0.0000000000
          119.0758277948             0.1182352455             2.3958440950             0.0000000000
          120.2158277948             0.1160531346             2.3464353209             0.0000000000
          121.3558277948             0.1139304374             2.2983627686             0.0000000000
          122.4958277948             0.1118650323             2.2514414775             0.0000000000
          123.6358277948             0.1098548907             2.2056415144             0.0000000000
          124.7758277948             0.1078980725             2.1609980520             0.0000000000
          125.9158277948             0.1059927214             2.1175286193             0.0000000000
          127.0558277948             0.1041370603             2.0750875025             0.0000000000
          128.1958277948             0.1023293881             2.0336480361             0.0000000000
          129.3358277948             0.1005680750             1.9932587813             0.0000000000
          130.4758277948             0.0988515596             1.9539011144             0.0000000000
          131.6158277948             0.0971783450             1.9154623318             0.0000000000
          132.7558277948             0.0955469961             1.8779187245             0.0000000000
          133.8958277948             0.0939561363             1.8413290894             0.0000000000
          135.0358277948             0.0924044449             1.8056461620             0.0000000000
          136.1758277948             0.0908906541             1.7707848720             0.0000000000
          137.3158277948             0.0894135468             1.7367241630             0.0000000000
          138.4558277948             0.0879719539             1.7035304510             0.0000000000
          139.5958277948             0.0865647526             1.6711340793             0.0000000000
          140.7358277948             0.0851908635             1.6394730065             0.0000000000
          141.8758277948             0.0838492491             1.6085285434             0.0000000000
          143.0158277948             0.0825389119             1.5783725700             0.0000000000
          144.1558277948             0.0812588923             1.5489182088             0.0000000000
          145.2958277948             0.0800082670             1.5201225260             0.0000000000
          146.4358277948             0.0787861474             1.4919689363             0.0000000000
          147.5758277948             0.0775916781             1.4645330226             0.0000000000
          148.7158277948             0.0764240354             1.4377149462             0.0000000000
          149.8558277948             0.0752824259             1.4114875550             0.0000000000
          150.9958277948             0.0741660851             1.3858361285             0.0000000000
          152.1358277948             0.0730742763             1.3608385241             0.0000000000
          153.2758277948             0.0720062893             1.3363854338             0.0000000000
          154.4158277948             0.0709614392             1.3124626762             0.0000000000
          155.5558277948             0.0699390655             1.2890655307             0.0000000000
          156.6958277948             0.0689385311             1.2662479296             0.0000000000
          157.8358277948             0.0679592211             1.2439189944             0.0000000000
          158.9758277948             0.0670005419             1.2220667954             0.0000000000
          160.1158277948             0.0660619207             1.2006953557             0.0000000000
          161.2558277948             0.0651428040             1.1798369580             0.0000000000
          162.3958277948             0.0642426575             1.1594182732             0.0000000000
          163.5358277948             0.0633609648             1.1394286960             0.0000000000
          164.6758277948             0.0624972269             1.1198793069             0.0000000000
          165.8158277948             0.0616509617             1.1007845612             0.0000000000
          166.9558277948             0.0608217027             1.0820859989             0.0000000000
          168.0958277948             0.0600089991             1.0637741841             0.0000000000
          169.2358277948             0.0592124150             1.0458658426             0.0000000000
          170.3758277948             0.0584315282             1.0283608208             0.0000000000
          171.5158277948             0.0576659308             1.0112132405             0.0000000000
          172.6558277948             0.0569152275             0.9944146979             0.0000000000
          173.7958277948             0.0561790360             0.9779863836             0.0000000000
          174.9358277948             0.0554569859             0.9619162426             0.0000000000
          176.0758277948             0.0547487186             0.9461690272             0.0000000000
          177.2158277948             0.0540538868             0.9307372448             0.0000000000
          178.3558277948             0.0533721539             0.9156455663             0.0000000000
          179.4958277948             0.0527031940             0.9008723098             0.0000000000
          180.6358277948             0.0520466909             0.8863911944             0.0000000000
          181.7758277948             0.0514023383             0.8721955325             0.0000000000
          182.9158277948             0.0507698392             0.8583126561             0.0000000000
          184.0558277948             0.0501489055             0.8447131644             0.0000000000
          185.1958277948             0.0495392580             0.8313783258             0.0000000000
          186.3358277948             0.0489406255             0.8183021641             0.0000000000
          187.4758277948             0.0483527452             0.8055139921             0.0000000000
          188.6158277948             0.0477753619             0.7929782895             0.0000000000
          189.7558277948             0.0472082279             0.7806826661             0.0000000000
          190.8958277948             0.0466511027             0.7686217747             0.0000000000
          192.0358277948             0.0461037530             0.7568263463             0.0000000000
          193.1758277948             0.0455659520             0.7452560786             0.0000000000
          194.3158277948             0.0450374796             0.7339038940             0.0000000000
          195.4558277948             0.0445181219             0.7227667655             0.0000000000
          196.5958277948             0.0440076711             0.7118710880             0.0000000000
          197.7358277948             0.0435059251             0.7011781845             0.0000000000
          198.8758277948             0.0430126879             0.6906836507             0.0000000000
          200.0158277948             0.0425277685             0.6803881941             0.0000000000
          201.1558277948             0.0420509815             0.6703090583             0.0000000000
          202.2958277948             0.0415821465             0.6604145564             0.0000000000
          203.4358277948             0.0411210883             0.6507007340             0.0000000000
          204.5758277948             0.0406676361             0.6411713932             0.0000000000
          205.7158277948             0.0402216240             0.6318360659             0.0000000000
          206.8558277948             0.0397828905             0.6226690782             0.0000000000
          207.9958277948             0.0393512786             0.6136668746             0.0000000000
          209.1358277948             0.0389266353             0.6048358076             0.0000000000
          210.2758277948             0.0385088117             0.5961789294             0.0000000000
          211.4158277948             0.0380976631             0.5876757350             0.0000000000
          212.5558277948             0.0376930482             0.5793230239             0.0000000000
          213.6958277948             0.0372948297             0.5711292356             0.0000000000
          214.8358277948             0.0369028739             0.5630919967             0.0000000000
          215.9758277948             0.0365170503             0.5551952426             0.0000000000
          217.1158277948             0.0361372321             0.5474360885             0.0000000000
          218.2558277948             0.0357632955             0.5398246681             0.0000000000
          219.3958277948             0.0353951199             0.5323540829             0.0000000000
          220.5358277948             0.0350325880             0.5250120804             0.0000000000
          221.6758277948             0.0346755852             0.5177960569             0.0000000000
          222.8158277948             0.0343239999             0.5107175056             0.0000000000
          223.9558277948             0.0339777232             0.5037657747             0.0000000000
          225.0958277948             0.0336366491             0.4969318795             0.0000000000
          226.2358277948             0.0333006741             0.4902134673             0.0000000000
          227.3758277948             0.0329696973             0.4836231072             0.0000000000
          228.5158277948             0.0326436202             0.4771470535             0.0000000000
          229.6558277948             0.0323223467             0.4707791195             0.0000000000
          230.7958277948             0.0320057832             0.4645171762             0.0000000000
          231.9358277948             0.0316938383             0.4583746287             0.0000000000
          233.0758277948             0.0313864227             0.4523352007             0.0000000000
          234.2158277948             0.0310834493             0.4463950971             0.0000000000
          235.3558277948             0.0307848331             0.4405524224             0.0000000000
          236.4958277948             0.0304904912             0.4348211139             0.0000000000
          237.6358277948             0.0302003425             0.4291829467             0.0000000000
          238.7758277948             0.0299143078             0.4236361319             0.0000000000
          239.9158277948             0.0296323100             0.4181805241             0.0000000000
          241.0558277948             0.0293542736             0.4128258089             0.0000000000
          242.1958277948             0.0290801247             0.4075568357             0.0000000000
          243.3358277948             0.0288097916             0.4023719805             0.0000000000
          244.4758277948             0.0285432037             0.3972725825             0.0000000000
          245.6158277948             0.0282802923             0.3922646703             0.0000000000
          246.7558277948             0.0280209903             0.3873357791             0.0000000000
          247.8958277948             0.0277652321             0.3824844322             0.0000000000
          249.0358277948             0.0275129533             0.3777132246             0.0000000000
          250.1758277948             0.0272640915             0.3730250447             0.0000000000
          251.3158277948             0.0270185851             0.3684097731             0.0000000000
          252.4558277948             0.0267763743             0.3638660659             0.0000000000
          253.5958277948             0.0265374004             0.3593975745             0.0000000000
          254.7358277948             0.0263016061             0.3550044976             0.0000000000
          255.8758277948             0.0260689354             0.3506787631             0.0000000000
          257.0158277948             0.0258393334             0.3464191462             0.0000000000
          258.1558277948             0.0256127465             0.3422301832             0.0000000000
          259.2958277948             0.0253891222             0.3381097745             0.0000000000
          260.4358277948             0.0251684091             0.3340516340             0.0000000000
          261.5758277948             0.0249505571             0.3300546444             0.0000000000
          262.7158277948             0.0247355169             0.3261240776             0.0000000000
          263.8558277948             0.0245232405             0.3222558771             0.0000000000
          264.9958277948             0.0243136807             0.3184453137             0.0000000000
          266.1358277948             0.0241067916             0.3146913667             0.0000000000
          267.2758277948             0.0239025279             0.3109999150             0.0000000000
          268.4158277948             0.0237008455             0.3073652422             0.0000000000
          269.5558277948             0.0235017012             0.3037839747             0.0000000000
          270.6958277948             0.0233050525             0.3002551792             0.0000000000
          271.8358277948             0.0231108582             0.2967852303             0.0000000000
          272.9758277948             0.0229190774             0.2933670098             0.0000000000
          274.1158277948             0.0227296705             0.2899983235             0.0000000000
          275.2558277948             0.0225425985             0.2866783172             0.0000000000
          276.3958277948             0.0223578232             0.2834137645             0.0000000000
          277.5358277948             0.0221753073             0.2801963707             0.0000000000
          278.6758277948             0.0219950141             0.2770249662             0.0000000000
          279.8158277948             0.0218169077             0.2738992191             0.0000000000
          280.9558277948             0.0216409529             0.2708248657             0.0000000000
          282.0958277948             0.0214671153             0.2677939842             0.0000000000
          283.2358277948             0.0212953611             0.2648058420             0.0000000000
          284.3758277948             0.0211256571             0.2618608802             0.0000000000
          285.5158277948             0.0209579710             0.2589629540             0.0000000000
          286.6558277948             0.0207922708             0.2561054571             0.0000000000
          287.7958277948             0.0206285254             0.2532877168             0.0000000000
          288.9358277948             0.0204667043             0.2505108414             0.0000000000
          290.0758277948             0.0203067773             0.2477770425             0.0000000000
          291.2158277948             0.0201487152             0.2450808781             0.0000000000
          292.3558277948             0.0199924890             0.2424217300             0.0000000000
          293.4958277948             0.0198380705             0.2398012810             0.0000000000
          294.6358277948             0.0196854319             0.2372203080             0.0000000000
          295.7758277948             0.0195345460             0.2346744001             0.0000000000
          296.9158277948             0.0193853861             0.2321629883             0.0000000000
          298.0558277948             0.0192379261             0.2296882480             0.0000000000
          299.1958277948             0.0190921401             0.2272497069             0.0000000000
          300.3358277948             0.0189480031             0.2248438659             0.0000000000
          301.4758277948             0.0188054902             0.2224702011             0.0000000000
          302.6158277948             0.0186645772             0.2201313082             0.0000000000
          303.7558277948             0.0185252402             0.2178256295             0.0000000000
          304.8958277948             0.0183874559             0.2155504721             0.0000000000
          306.0358277948             0.0182512013             0.2133053529             0.0000000000
          307.1758277948             0.0181164539             0.2110932251             0.0000000000
          308.3158277948             0.0179831915             0.2089115898             0.0000000000
          309.4558277948             0.0178513925             0.2067584665             0.0000000000
          310.5958277948             0.0177210354             0.2046334095             0.0000000000
          311.7358277948             0.0175920995             0.2025396733             0.0000000000
          312.8758277948             0.0174645640             0.2004739462             0.0000000001
          314.0158277948             0.0173384089             0.1984348763             0.0000000001
          315.1558277948             0.0172136143             0.1964220520             0.0000000002
          316.2958277948             0.0170901607             0.1944389804             0.0000000003
          317.4358277948             0.0169680290             0.1924816498             0.0000000004
          318.5758277948             0.0168472004             0.1905492627             0.0000000006
          319.7158277948             0.0167276565             0.1886414881             0.0000000009
          320.8558277948             0.0166093791             0.1867618944             0.0000000013
          321.9958277948             0.0164923505             0.1849060179             0.0000000019
          323.1358277948             0.0163765531             0.1830735002             0.0000000028
          324.2758277948             0.0162619697             0.1812644414             0.0000000042
          325.4158277948             0.0161485835             0.1794813732             0.0000000060
          326.5558277948             0.0160363778             0.1777205288             0.0000000087
          327.6958277948             0.0159253364             0.1759815763             0.0000000125
          328.8358277948             0.0158154431             0.1742649943             0.0000000179
          329.9758277948             0.0157066823             0.1725723954             0.0000000254
          331.1158277948             0.0155990384             0.1709006370             0.0000000359
          332.2558277948             0.0154924962             0.1692494115             0.0000000506
          333.3958277948             0.0153870408             0.1676195291             0.0000000708
          334.5358277948             0.0152826574             0.1660117883             0.0000000985
          335.6758277948             0.0151793315             0.1644236056             0.0000001364
          336.8158277948             0.0150770490             0.1628546957             0.0000001879
          337.9558277948             0.0149757959             0.1613061584             0.0000002575
          339.0958277948             0.0148755584             0.1597780725             0.0000003511
          340.2358277948             0.0147763229             0.1582683548             0.0000004761
          341.3758277948             0.0146780762             0.1567767404             0.0000006424
          342.5158277948             0.0145808052             0.1553045815             0.0000008622
          343.6558277948             0.0144844970             0.1538513212             0.0000011512
          344.7958277948             0.0143891390             0.1524153242             0.0000015291
          345.9358277948             0.0142947188             0.1509963442             0.0000020207
          347.0758277948             0.0142012240             0.1495959526             0.0000026566
          348.2158277948             0.0141086427             0.1482130323             0.0000034747
          349.3558277948             0.0140169629             0.1468463481             0.0000045214
          350.4958277948             0.0139261731             0.1454956713             0.0000058532
          351.6358277948             0.0138362617             0.1441627626             0.0000075387
          352.7758277948             0.0137472176             0.1428460120             0.0000096601
          353.9158277948             0.0136590295             0.1415445424             0.0000123156
          355.0558277948             0.0135716865             0.1402581406             0.0000156215
          356.1958277948             0.0134851779             0.1389887298             0.0000197145
          357.3358277948             0.0133994931             0.1377342666             0.0000247546
          358.4758277948             0.0133146217             0.1364941882             0.0000309270
          359.6158277948             0.0132305534             0.1352682812             0.0000384448
          360.7558277948             0.0131472782             0.1340585314             0.0000475512
          361.8958277948             0.0130647860             0.1328623298             0.0000585219
          363.0358277948             0.0129830672             0.1316789196             0.0000716663
          364.1758277948             0.0129021121             0.1305071925             0.0000873292
          365.3158277948             0.0128219112             0.1293461419             0.0001058913
          366.4558277948             0.0127424551             0.1281914712             0.0001277692
          367.5958277948             0.0126637348             0.1270410718             0.0001534145
          368.7358277948             0.0125857411             0.1258937826             0.0001833119
          369.8758277948             0.0125084651             0.1247494880             0.0002179763
          371.0158277948             0.0124318982             0.1236080253             0.0002579484
          372.1558277948             0.0123560315             0.1224698437             0.0003037893
          373.2958277948             0.0122808566             0.1213357273             0.0003560740
          374.4358277948             0.0122063652             0.1202067672             0.0004153827
          375.5758277948             0.0121325490             0.1190831426             0.0004822920
          376.7158277948             0.0120593998             0.1179655216             0.0005573640
          377.8558277948             0.0119869097             0.1168550402             0.0006411349
          378.9958277948             0.0119150707             0.1157527246             0.0007341026
          380.1358277948             0.0118438752             0.1146584417             0.0008367138
          381.2758277948             0.0117733153             0.1135727207             0.0009493507
          382.4158277948             0.0117033837             0.1124968365             0.0010723184
          383.5558277948             0.0116340728             0.1114313211             0.0012058316
          384.6958277948             0.0115653754             0.1103757461             0.0013500038
          385.8358277948             0.0114972842             0.1093304200             0.0015048365
          386.9758277948             0.0114297922             0.1082966940             0.0016702104
          388.1158277948             0.0113628922             0.1072744633             0.0018458794
          389.2558277948             0.0112965775             0.1062631681             0.0020314662
          390.3958277948             0.0112308412             0.1052629303             0.0022264608
          391.5358277948             0.0111656766             0.1042751773             0.0024302222
          392.6758277948             0.0111010772             0.1032991954             0.0026419826
          393.8158277948             0.0110370363             0.1023344464             0.0028608550
          394.9558277948             0.0109735476             0.1013809275             0.0030858441
          396.0958277948             0.0109106048             0.1004401511             0.0033158586
          397.2358277948             0.0108482016             0.0995108849             0.0035497276
          398.3758277948             0.0107863319             0.0985927068             0.0037862182
          399.5158277948             0.0107249896             0.0976855419             0.0040240548
          400.6558277948             0.0106641688             0.0967909878             0.0042619399
          401.7958277948             0.0106038635             0.0959073907             0.0044985751
          402.9358277948             0.0105440680             0.0950344892             0.0047326825
          404.0758277948             0.0104847764             0.0941722101             0.0049630254
          405.2158277948             0.0104259833             0.0933221120             0.0051884274
          406.3558277948             0.0103676830             0.0924823211             0.0054077910
          407.4958277948             0.0103098699             0.0916527109             0.0056201131
          408.6358277948             0.0102525388             0.0908333672             0.0058244982
          409.7758277948             0.0101956843             0.0900253882             0.0060201694
          410.9158277948             0.0101393011             0.0892271593             0.0062064761
          412.0558277948             0.0100833840             0.0884385474             0.0063828985
          413.1958277948             0.0100279279             0.0876597890             0.0065490493
          414.3358277948             0.0099729277             0.0868915708             0.0067046726
          415.4758277948             0.0099183786             0.0861325311             0.0068496402
          416.6158277948             0.0098642754             0.0853825379             0.0069839448
          417.7558277948             0.0098106135             0.0846419649             0.0071076916
          418.8958277948             0.0097573880             0.0839111349             0.0072210885
          420.0358277948             0.0097045942             0.0831889235             0.0073244341
          421.1758277948             0.0096522274             0.0824752037             0.0074181054
          422.3158277948             0.0096002831             0.0817704715             0.0075025447
          423.4558277948             0.0095487568             0.0810747299             0.0075782465
          424.5958277948             0.0094976439             0.0803870722             0.0076457446
          425.7358277948             0.0094469400             0.0797073781             0.0077055997
          426.8758277948             0.0093966409             0.0790362509             0.0077583874
          428.0158277948             0.0093467422             0.0783734142             0.0078046884
          429.1558277948             0.0092972397             0.0777181579             0.0078450780
          430.2958277948             0.0092481291             0.0770703694             0.0078801188
          431.4358277948             0.0091994064             0.0764307449             0.0079103532
          432.5758277948             0.0091510675             0.0757987645             0.0079362981
          433.7158277948             0.0091031084             0.0751738943             0.0079584406
          434.8558277948             0.0090555252             0.0745560297             0.0079772348
          435.9958277948             0.0090083138             0.0739459471             0.0079931001
          437.1358277948             0.0089614704             0.0733429142             0.0080064197
          438.2758277948             0.0089149913             0.0727465548             0.0080175412
          439.4158277948             0.0088688726             0.0721567718             0.0080267766
          440.5558277948             0.0088231107             0.0715744104             0.0080344039
          441.6958277948             0.0087777019             0.0709985537             0.0080406688
          442.8358277948             0.0087326425             0.0704289657             0.0080457865
          443.9758277948             0.0086879290             0.0698655566             0.0080499443
          445.1158277948             0.0086435578             0.0693092301             0.0080533038
          446.2558277948             0.0085995255             0.0687589092             0.0080560035
          447.3958277948             0.0085558287             0.0682144824             0.0080581611
          448.5358277948             0.0085124638             0.0676759442             0.0080598760
          449.6758277948             0.0084694277             0.0671440151             0.0080612317
          450.8158277948             0.0084267169             0.0666177120             0.0080622975
          451.9558277948             0.0083843282             0.0660969565             0.0080631309
          453.0958277948             0.0083422584             0.0655818413             0.0080637789
          454.2358277948             0.0083005042             0.0650728523             0.0080642802
          455.3758277948             0.0082590626             0.0645691627             0.0080646657
          456.5158277948             0.0082179304             0.0640707000             0.0080649606
          457.6558277948             0.0081771046             0.0635776389             0.0080651849
