# Energy loss (meV)	Quasi-elastic (arb. units)	Magnetic excitations (arb. units)	dd excitations (arb. units)
         -227.9605997195             0.0296671137             0.0027817300             0.0000000000
         -226.8205997195             0.0299642124             0.0028208941             0.0000000000
         -225.6805997195             0.0302657870             0.0028601737             0.0000000000
         -224.5405997195             0.0305719275             0.0028995724             0.0000000000
         -223.4005997195             0.0308827264             0.0029391004             0.0000000000
         -222.2605997195             0.0311982786             0.0029787723             0.0000000000
         -221.1205997195             0.0315186812             0.0030185769             0.0000000000
         -219.9805997195             0.0318440339             0.0030585188             0.0000000000
         -218.8405997195             0.0321744390             0.0030986174             0.0000000000
         -217.7005997195             0.0325100014             0.0031388757             0.0000000000
         -216.5605997195             0.0328508287             0.0031792878             0.0000000000
         -215.4205997195             0.0331970315             0.0032198593             0.0000000000
         -214.2805997195             0.0335487230             0.0032606209             0.0000000000
         -213.1405997195             0.0339060196             0.0033015597             0.0000000000
         -212.0005997195             0.0342690409             0.0033426769             0.0000000000
         -210.8605997195             0.0346379094             0.0033839831             0.0000000000
         -209.7205997195             0.0350127510             0.0034255108             0.0000000000
         -208.5805997195             0.0353936952             0.0034672380             0.0000000000
         -207.4405997195             0.0357808747             0.0035091715             0.0000000000
         -206.3005997195             0.0361744261             0.0035513337             0.0000000000
         -205.1605997195             0.0365744896             0.0035937405             0.0000000000
         -204.0205997195             0.0369812092             0.0036363768             0.0000000000
         -202.8805997195             0.0373947331             0.0036792498             0.0000000000
         -201.7405997195             0.0378152134             0.0037223975             0.0000000000
         -200.6005997195             0.0382428067             0.0037658128             0.0000000000
         -199.4605997195             0.0386776739             0.0038094902             0.0000000000
         -198.3205997195             0.0391199804             0.0038534377             0.0000000000
         -197.1805997195             0.0395698964             0.0038977117             0.0000000000
         -196.0405997195             0.0400275969             0.0039422762             0.0000000000
         -194.9005997195             0.0404932621             0.0039871380             0.0000000000
         -193.7605997195             0.0409670774             0.0040323195             0.0000000000
         -192.6205997195             0.0414492333             0.0040778587             0.0000000000
         -191.4805997195             0.0419399264             0.0041237241             0.0000000000
         -190.3405997195             0.0424393586             0.0041699246             0.0000000000
         -189.2005997195             0.0429477382             0.0042165025             0.0000000000
         -188.0605997195             0.0434652795             0.0042634655             0.0000000000
         -186.9205997195             0.0439922033             0.0043107946             0.0000000000
         -185.7805997195             0.0445287369             0.0043584996             0.0000000000
         -184.6405997195             0.0450751148             0.0044066466             0.0000000000
         -183.5005997195             0.0456315785             0.0044552052             0.0000000000
         -182.3605997195             0.0461983769             0.0045041729             0.0000000000
         -181.2205997195             0.0467757668             0.0045535670             0.0000000000
         -180.0805997195             0.0473640126             0.0046034616             0.0000000000
         -178.9405997195             0.0479633875             0.0046538002             0.0000000000
         -177.8005997195             0.0485741728             0.0047045941             0.0000000000
         -176.6605997195             0.0491966591             0.0047558855             0.0000000000
         -175.5205997195             0.0498311461             0.0048077095             0.0000000000
         -174.3805997195             0.0504779432             0.0048600264             0.0000000000
         -173.2405997195             0.0511373697             0.0049128480             0.0000000000
         -172.1005997195             0.0518097553             0.0049662470             0.0000000000
         -170.9605997195             0.0524954405             0.0050202102             0.0000000000
         -169.8205997195             0.0531947771             0.0050747188             0.0000000000
         -168.6805997195             0.0539081286             0.0051297855             0.0000000000
         -167.5405997195             0.0546358703             0.0051855192             0.0000000000
         -166.4005997195             0.0553783905             0.0052418479             0.0000000000
         -165.2605997195             0.0561360905             0.0052987787             0.0000000000
         -164.1205997195             0.0569093850             0.0053563497             0.0000000000
         -162.9805997195             0.0576987033             0.0054146400             0.0000000000
         -161.8405997195             0.0585044892             0.0054735795             0.0000000000
         -160.7005997195             0.0593272022             0.0055331828             0.0000000000
         -159.5605997195             0.0601673175             0.0055935258             0.0000000000
         -158.4205997195             0.0610253274             0.0056546278             0.0000000000
         -157.2805997195             0.0619017414             0.0057164448             0.0000000000
         -156.1405997195             0.0627970872             0.0057789930             0.0000000000
         -155.0005997195             0.0637119116             0.0058423931             0.0000000000
         -153.8605997195             0.0646467811             0.0059065920             0.0000000000
         -152.7205997195             0.0656022827             0.0059715779             0.0000000000
         -151.5805997195             0.0665790253             0.0060373774             0.0000000000
         -150.4405997195             0.0675776401             0.0061041385             0.0000000000
         -149.3005997195             0.0685987816             0.0061717468             0.0000000000
         -148.1605997195             0.0696431292             0.0062402213             0.0000000000
         -147.0205997195             0.0707113878             0.0063096358             0.0000000000
         -145.8805997195             0.0718042892             0.0063800648             0.0000000000
         -144.7405997195             0.0729225932             0.0064514263             0.0000000000
         -143.6005997195             0.0740670889             0.0065237415             0.0000000000
         -142.4605997195             0.0752385962             0.0065971405             0.0000000000
         -141.3205997195             0.0764379671             0.0066716083             0.0000000000
         -140.1805997195             0.0776660873             0.0067471030             0.0000000000
         -139.0405997195             0.0789238778             0.0068236481             0.0000000000
         -137.9005997195             0.0802122965             0.0069014413             0.0000000000
         -136.7605997195             0.0815323400             0.0069803590             0.0000000000
         -135.6205997195             0.0828850456             0.0070604087             0.0000000000
         -134.4805997195             0.0842714932             0.0071416547             0.0000000000
         -133.3405997195             0.0856928074             0.0072242596             0.0000000000
         -132.2005997195             0.0871501597             0.0073080852             0.0000000000
         -131.0605997195             0.0886447709             0.0073931597             0.0000000000
         -129.9205997195             0.0901779137             0.0074796191             0.0000000000
         -128.7805997195             0.0917509151             0.0075675159             0.0000000000
         -127.6405997195             0.0933651594             0.0076567611             0.0000000000
         -126.5005997195             0.0950220910             0.0077473865             0.0000000000
         -125.3605997195             0.0967232177             0.0078396142             0.0000000000
         -124.2205997195             0.0984701140             0.0079333617             0.0000000000
         -123.0805997195             0.1002644245             0.0080286014             0.0000000000
         -121.9405997195             0.1021078679             0.0081253768             0.0000000000
         -120.8005997195             0.1040022409             0.0082239901             0.0000000000
         -119.6605997195             0.1059494221             0.0083242183             0.0000000000
         -118.5205997195             0.1079513772             0.0084261009             0.0000000000
         -117.3805997195             0.1100101633             0.0085297729             0.0000000000
         -116.2405997195             0.1121279341             0.0086354009             0.0000000000
         -115.1005997195             0.1143069455             0.0087428226             0.0000000000
         -113.9605997195             0.1165495613             0.0088520830             0.0000000000
         -112.8205997195             0.1188582594             0.0089634283             0.0000000000
         -111.6805997195             0.1212356383             0.0090768569             0.0000000000
         -110.5405997195             0.1236844247             0.0091922828             0.0000000000
         -109.4005997195             0.1262074801             0.0093097576             0.0000000000
         -108.2605997195             0.1288078097             0.0094296629             0.0000000000
         -107.1205997195             0.1314885707             0.0095517891             0.0000000000
         -105.9805997195             0.1342530814             0.0096761458             0.0000000000
         -104.8405997195             0.1371048314             0.0098028549             0.0000000000
         -103.7005997195             0.1400474918             0.0099322747             0.0000000000
         -102.5605997195             0.1430849270             0.0100641273             0.0000000000
         -101.4205997195             0.1462212064             0.0101984786             0.0000000000
         -100.2805997195             0.1494606179             0.0103355971             0.0000000000
          -99.1405997195             0.1528076821             0.0104756301             0.0000000000
          -98.0005997195             0.1562671670             0.0106183955             0.0000000000
          -96.8605997195             0.1598441051             0.0107639698             0.0000000000
          -95.7205997195             0.1635438107             0.0109128034             0.0000000000
          -94.5805997195             0.1673718995             0.0110647766             0.0000000000
          -93.4405997195             0.1713343099             0.0112198303             0.0000000000
          -92.3005997195             0.1754373256             0.0113780536             0.0000000000
          -91.1605997195             0.1796876016             0.0115401233             0.0000000000
          -90.0205997195             0.1840921924             0.0117055821             0.0000000000
          -88.8805997195             0.1886585836             0.0118745283             0.0000000000
          -87.7405997195             0.1933947278             0.0120472459             0.0000000000
          -86.6005997195             0.1983090859             0.0122241542             0.0000000000
          -85.4605997195             0.2034106744             0.0124049098             0.0000000000
          -84.3205997195             0.2087091215             0.0125896311             0.0000000000
          -83.1805997195             0.2142147338             0.0127788538             0.0000000000
          -82.0405997195             0.2199385770             0.0129726511             0.0000000000
          -80.9005997195             0.2258925744             0.0131708402             0.0000000000
          -79.7605997195             0.2320896298             0.0133735621             0.0000000000
          -78.6205997195             0.2385437800             0.0135816730             0.0000000000
          -77.4805997195             0.2452703887             0.0137947958             0.0000000000
          -76.3405997195             0.2522863917             0.0140129602             0.0000000000
          -75.2005997195             0.2596106101             0.0142364493             0.0000000000
          -74.0605997195             0.2672641497             0.0144661890             0.0000000000
          -72.9205997195             0.2752709122             0.0147015584             0.0000000000
          -71.7805997195             0.2836582468             0.0149427543             0.0000000000
          -70.6405997195             0.2924577810             0.0151904234             0.0000000000
          -69.5005997195             0.3017064737             0.0154450459             0.0000000000
          -68.3605997195             0.3114479455             0.0157062180             0.0000000000
          -67.2205997195             0.3217341498             0.0159741851             0.0000000000
          -66.0805997195             0.3326274594             0.0162500831             0.0000000000
          -64.9405997195             0.3442032534             0.0165337917             0.0000000000
          -63.8005997195             0.3565531026             0.0168252169             0.0000000000
          -62.6605997195             0.3697886582             0.0171246797             0.0000000000
          -61.5205997195             0.3840463628             0.0174340004             0.0000000000
          -60.3805997195             0.3994931036             0.0177522488             0.0000000000
          -59.2405997195             0.4163329327             0.0180797882             0.0000000000
          -58.1005997195             0.4348149769             0.0184175154             0.0000000000
          -56.9605997195             0.4552426447             0.0187669537             0.0000000000
          -55.8205997195             0.4779842235             0.0191273759             0.0000000000
          -54.6805997195             0.5034849226             0.0194994239             0.0000000000
          -53.5405997195             0.5322803781             0.0198850321             0.0000000000
          -52.4005997195             0.5650115720             0.0202850997             0.0000000000
          -51.2605997195             0.6024410435             0.0206995535             0.0000000000
          -50.1205997195             0.6454701749             0.0211294906             0.0000000000
          -48.9805997195             0.6951572267             0.0215787348             0.0000000000
          -47.8405997195             0.7527356643             0.0220472102             0.0000000000
          -46.7005997195             0.8196321843             0.0225360863             0.0000000000
          -45.5605997195             0.8974836939             0.0230477534             0.0000000000
          -44.4205997195             0.9881523447             0.0235885607             0.0000000000
          -43.2805997195             1.0937375738             0.0241576457             0.0000000000
          -42.1405997195             1.2165839685             0.0247582356             0.0000000000
          -41.0005997195             1.3592836573             0.0253966119             0.0000000000
          -39.8605997195             1.5246718585             0.0260798457             0.0000000000
          -38.7205997195             1.7158141868             0.0268090694             0.0000000000
          -37.5805997195             1.9359843573             0.0275901192             0.0000000000
          -36.4405997195             2.1886310337             0.0284371743             0.0000000000
          -35.3005997195             2.4773327591             0.0293563427             0.0000000000
          -34.1605997195             2.8057401879             0.0303528423             0.0000000000
          -33.0205997195             3.1775052108             0.0314366360             0.0000000000
          -31.8805997195             3.5961970212             0.0326369342             0.0000000000
          -30.7405997195             4.0652057077             0.0339533373             0.0000000000
          -29.6005997195             4.5876345512             0.0353989277             0.0000000000
          -28.4605997195             5.1661828329             0.0369955383             0.0000000000
          -27.3205997195             5.8030215890             0.0387803214             0.0000000000
          -26.1805997195             6.4996653358             0.0407521394             0.0000000000
          -25.0405997195             7.2568433005             0.0429320061             0.0000000000
          -23.9005997195             8.0743740691             0.0453647260             0.0000000000
          -22.7605997195             8.9510477713             0.0480808671             0.0000000000
          -21.6205997195             9.8845199187             0.0510859796             0.0000000000
          -20.4805997195            10.8712207764             0.0544079917             0.0000000000
          -19.3405997195            11.9062836788             0.0581274481             0.0000000000
          -18.2005997195            12.9834950395             0.0622470507             0.0000000000
          -17.0605997195            14.0952680254             0.0667851207             0.0000000000
          -15.9205997195            15.2326411283             0.0717795026             0.0000000000
          -14.7805997195            16.3853023705             0.0773453483             0.0000000000
          -13.6405997195            17.5416399268             0.0834407391             0.0000000000
          -12.5005997195            18.6888208276             0.0900998831             0.0000000000
          -11.3605997195            19.8129014192             0.0973940727             0.0000000000
          -10.2205997195            20.8989764626             0.1053990889             0.0000000000
           -9.0805997195            21.9313778237             0.1140764450             0.0000000000
           -7.9405997195            22.8939376578             0.1234563487             0.0000000000
           -6.8005997195            23.7703329645             0.1336490509             0.0000000000
           -5.6605997195            24.5445258304             0.1446547119             0.0000000000
           -4.5205997195            25.2013039550             0.1564462450             0.0000000000
           -3.3805997195            25.7269078119             0.1690424970             0.0000000000
           -2.2405997195            26.1097056501             0.1825895598             0.0000000000
           -1.1005997195            26.3408512403             0.1969848193             0.0000000000
            0.0394002805            26.4148410332             0.2122195845             0.0000000000
            1.1794002805            26.3298866725             0.2283218076             0.0000000000
            2.3194002805            26.0880404189             0.2453809353             0.0000000000
            3.4594002805            25.6950514006             0.2632676849             0.0000000000
            4.5994002805            25.1599779580             0.2819691286             0.0000000000
            5.7394002805            24.4946207150             0.3015309703             0.0000000000
            6.8794002805            23.7128610908             0.3219377102             0.0000000000
            8.0194002805            22.8299877909             0.3430893662             0.0000000000
            9.1594002805            21.8620746996             0.3649577164             0.0000000000
           10.2994002805            20.8254471019             0.3875965708             0.0000000000
           11.4394002805            19.7362483612             0.4109085015             0.0000000000
           12.5794002805            18.6101015131             0.4348274325             0.0000000000
           13.7194002805            17.4618510781             0.4593187348             0.0000000000
           14.8594002805            16.3053682385             0.4844264188             0.0000000000
           15.9994002805            15.1534047149             0.5100163687             0.0000000000
           17.1394002805            14.0174846784             0.5360496677             0.0000000000
           18.2794002805            12.9078280775             0.5625067123             0.0000000000
           19.4194002805            11.8333018798             0.5893661200             0.0000000000
           20.5594002805            10.8013976587             0.6165419875             0.0000000000
           21.6994002805             9.8182347706             0.6439970861             0.0000000000
           22.8394002805             8.8885883629             0.6717160792             0.0000000000
           23.9794002805             8.0159409374             0.6996492752             0.0000000000
           25.1194002805             7.2025554395             0.7277457172             0.0000000000
           26.2594002805             6.4495670780             0.7559726009             0.0000000000
           27.3994002805             5.7570904205             0.7843085385             0.0000000000
           28.5394002805             5.1243378634             0.8127061858             0.0000000000
           29.6794002805             4.5497453514             0.8411344486             0.0000000000
           30.8194002805             4.0311012351             0.8695647837             0.0000000000
           31.9594002805             3.5656743755             0.8979626391             0.0000000000
           33.0994002805             3.1503379930             0.9263032734             0.0000000000
           34.2394002805             2.7816862746             0.9545621123             0.0000000000
           35.3794002805             2.4561413468             0.9827055803             0.0000000000
           36.5194002805             2.1700488518             1.0107026577             0.0000000000
           37.6594002805             1.9197609906             1.0385422513             0.0000000000
           38.7994002805             1.7017064881             1.0662027242             0.0000000000
           39.9394002805             1.5124474655             1.0936353233             0.0000000000
           41.0794002805             1.3487236563             1.1208304181             0.0000000000
           42.2194002805             1.2074847718             1.1477780130             0.0000000000
           43.3594002805             1.0859120907             1.1744580264             0.0000000000
           44.4994002805             0.9814305382             1.2007973137             0.0000000000
           45.6394002805             0.8917126198             1.2268231946             0.0000000000
           46.7794002805             0.8146756082             1.2525165633             0.0000000000
           47.9194002805             0.7484733495             1.2778401852             0.0000000000
           49.0594002805             0.6914839783             1.3027414266             0.0000000000
           50.1994002805             0.6422947178             1.3272464538             0.0000000000
           51.3394002805             0.5996848003             1.3513361373             0.0000000000
           52.4794002805             0.5626073987             1.3749474099             0.0000000000
           53.6194002805             0.5301713016             1.3980655800             0.0000000000
           54.7594002805             0.5016229179             1.4207061046             0.0000000000
           55.8994002805             0.4763290549             1.4428504089             0.0000000000
           57.0394002805             0.4537607914             1.4644022537             0.0000000000
           58.1794002805             0.4334786531             1.4854010898             0.0000000000
           59.3194002805             0.4151192080             1.5058440795             0.0000000000
           60.4594002805             0.3983831241             1.5257017357             0.0000000000
           61.5994002805             0.3830246713             1.5448746815             0.0000000000
           62.7394002805             0.3688426065             1.5634357666             0.0000000000
           63.8794002805             0.3556723503             1.5813689702             0.0000000000
           65.0194002805             0.3433793442             1.5986129609             0.0000000000
           66.1594002805             0.3318534664             1.6151261536             0.0000000000
           67.2994002805             0.3210043818             1.6309626656             0.0000000000
           68.4394002805             0.3107577054             1.6461091065             0.0000000000
           69.5794002805             0.3010518616             1.6604679585             0.0000000000
           70.7194002805             0.2918355348             1.6740691886             0.0000000000
           71.8594002805             0.2830656144             1.6869416722             0.0000000000
           72.9994002805             0.2747055494             1.6990754970             0.0000000000
           74.1394002805             0.2667240392             1.7103348288             0.0000000000
           75.2794002805             0.2590939970             1.7208309815             0.0000000000
           76.4194002805             0.2517917338             1.7305625080             0.0000000000
           77.5594002805             0.2447963165             1.7394910233             0.0000000000
           78.6994002805             0.2380890664             1.7475408177             0.0000000000
           79.8394002805             0.2316531653             1.7548110964             0.0000000000
           80.9794002805             0.2254733485             1.7612996612             0.0000000000
           82.1194002805             0.2195356632             1.7669339592             0.0000000000
           83.2594002805             0.2138272780             1.7717201827             0.0000000000
           84.3994002805             0.2083363325             1.7757252785             0.0000000000
           85.5394002805             0.2030518163             1.7789518114             0.0000000000
           86.6794002805             0.1979634722             1.7812953124             0.0000000000
           87.8194002805             0.1930617163             1.7828436456             0.0000000000
           88.9594002805             0.1883375720             1.7836296788             0.0000000000
           90.0994002805             0.1837826153             1.7836496788             0.0000000000
           91.2394002805             0.1793889270             1.7828049328             0.0000000000
           92.3794002805             0.1751490523             1.7812256376             0.0000000000
           93.5194002805             0.1710559654             1.7789223559             0.0000000000
           94.6594002805             0.1671030379             1.7758619370             0.0000000000
           95.7994002805             0.1632840105             1.7720264912             0.0000000000
           96.9394002805             0.1595929681             1.7675083188             0.0000000000
           98.0794002805             0.1560243165             1.7623217364             0.0000000000
           99.2194002805             0.1525727612             1.7564098463             0.0000000000
          100.3594002805             0.1492332888             1.7498250228             0.0000000000
          101.4994002805             0.1460011488             1.7426241406             0.0000000000
          102.6394002805             0.1428718372             1.7348244432             0.0000000000
          103.7794002805             0.1398410817             1.7263524808             0.0000000000
          104.9194002805             0.1369048273             1.7173159817             0.0000000000
          106.0594002805             0.1340592236             1.7077411405             0.0000000000
          107.1994002805             0.1313006121             1.6976290453             0.0000000000
          108.3394002805             0.1286255157             1.6869521121             0.0000000000
          109.4794002805             0.1260306273             1.6758013554             0.0000000000
          110.6194002805             0.1235128006             1.6641968524             0.0000000000
          111.7594002805             0.1210690407             1.6521235755             0.0000000000
          112.8994002805             0.1186964954             1.6396048692             0.0000000000
          114.0394002805             0.1163924473             1.6266993819             0.0000000000
          115.1794002805             0.1141543065             1.6134274657             0.0000000000
          116.3194002805             0.1119796030             1.5997655762             0.0000000000
          117.4594002805             0.1098659808             1.5857699915             0.0000000000
          118.5994002805             0.1078111912             1.5714744197             0.0000000000
          119.7394002805             0.1058130873             1.5568963094             0.0000000000
          120.8794002805             0.1038696186             1.5420178242             0.0000000000
          122.0194002805             0.1019788256             1.5269036539             0.0000000000
          123.1594002805             0.1001388353             1.5115726771             0.0000000000
          124.2994002805             0.0983478566             1.4960330559             0.0000000000
          125.4394002805             0.0966041761             1.4802960887             0.0000000000
          126.5794002805             0.0949061542             1.4644020086             0.0000000000
          127.7194002805             0.0932522210             1.4483680451             0.0000000000
          128.8594002805             0.0916408734             1.4321996331             0.0000000000
          129.9994002805             0.0900706710             1.4159211554             0.0000000000
          131.1394002805             0.0885402337             1.3995563859             0.0000000000
          132.2794002805             0.0870482382             1.3831205458             0.0000000000
          133.4194002805             0.0855934157             1.3666218103             0.0000000000
          134.5594002805             0.0841745488             1.3500840753             0.0000000000
          135.6994002805             0.0827904692             1.3335218637             0.0000000000
          136.8394002805             0.0814400555             1.3169482819             0.0000000000
          137.9794002805             0.0801222309             1.3003782317             0.0000000000
          139.1194002805             0.0788359610             1.2838246684             0.0000000000
          140.2594002805             0.0775802518             1.2672988918             0.0000000000
          141.3994002805             0.0763541480             1.2508156722             0.0000000000
          142.5394002805             0.0751567312             1.2343881592             0.0000000000
          143.6794002805             0.0739871181             1.2180220681             0.0000000000
          144.8194002805             0.0728444589             1.2017265194             0.0000000000
          145.9594002805             0.0717279359             1.1855214777             0.0000000000
          147.0994002805             0.0706367620             1.1694097887             0.0000000000
          148.2394002805             0.0695701794             1.1533952947             0.0000000000
          149.3794002805             0.0685274582             1.1374854695             0.0000000000
          150.5194002805             0.0675078954             1.1217066928             0.0000000000
          151.6594002805             0.0665108133             1.1060468053             0.0000000000
          152.7994002805             0.0655355590             1.0905114630             0.0000000000
          153.9394002805             0.0645815029             1.0751130381             0.0000000000
          155.0794002805             0.0636480376             1.0598666853             0.0000000000
          156.2194002805             0.0627345777             1.0447607415             0.0000000000
          157.3594002805             0.0618405578             1.0297992167             0.0000000000
          158.4994002805             0.0609654328             1.0150012115             0.0000000000
          159.6394002805             0.0601086760             1.0003664266             0.0000000000
          160.7794002805             0.0592697792             0.9858868897             0.0000000000
          161.9194002805             0.0584482514             0.9715652099             0.0000000000
          163.0594002805             0.0576436184             0.9574282019             0.0000000000
          164.1994002805             0.0568554218             0.9434578047             0.0000000000
          165.3394002805             0.0560832189             0.9296518681             0.0000000000
          166.4794002805             0.0553265814             0.9160160602             0.0000000000
          167.6194002805             0.0545850955             0.9025725746             0.0000000000
          168.7594002805             0.0538583608             0.8892974423             0.0000000001
          169.8994002805             0.0531459900             0.8761913717             0.0000000001
          171.0394002805             0.0524476086             0.8632675156             0.0000000002
          172.1794002805             0.0517628538             0.8505306699             0.0000000003
          173.3194002805             0.0510913748             0.8379638759             0.0000000005
          174.4594002805             0.0504328319             0.8255670650             0.0000000008
          175.5994002805             0.0497868959             0.8133609423             0.0000000012
          176.7394002805             0.0491532482             0.8013327881             0.0000000019
          177.8794002805             0.0485315803             0.7894733484             0.0000000030
          179.0194002805             0.0479215929             0.7777819585             0.0000000047
          180.1594002805             0.0473229963             0.7662865738             0.0000000073
          181.2994002805             0.0467355095             0.7549576468             0.0000000112
          182.4394002805             0.0461588602             0.7437937973             0.0000000171
          183.5794002805             0.0455927843             0.7328015612             0.0000000261
          184.7194002805             0.0450370257             0.7219926654             0.0000000396
          185.8594002805             0.0444913359             0.7113448886             0.0000000596
          186.9994002805             0.0439554740             0.7008568717             0.0000000893
          188.1394002805             0.0434292061             0.6905422659             0.0000001332
          189.2794002805             0.0429123051             0.6803965086             0.0000001974
          190.4194002805             0.0424045508             0.6704056139             0.0000002912
          191.5594002805             0.0419057292             0.6605679910             0.0000004270
          192.6994002805             0.0414156327             0.6509037940             0.0000006230
          193.8394002805             0.0409340596             0.6413935394             0.0000009040
          194.9794002805             0.0404608138             0.6320310437             0.0000013046
          196.1194002805             0.0399957050             0.6228173938             0.0000018727
          197.2594002805             0.0395385483             0.6137700753             0.0000026739
          198.3994002805             0.0390891639             0.6048647075             0.0000037973
          199.5394002805             0.0386473770             0.5960994898             0.0000053638
          200.6794002805             0.0382130179             0.5874819839             0.0000075362
          201.8194002805             0.0377859214             0.5790150798             0.0000105320
          202.9594002805             0.0373659269             0.5706823135             0.0000146402
          204.0994002805             0.0369528782             0.5624818489             0.0000202427
          205.2394002805             0.0365466234             0.5544270042             0.0000278404
          206.3794002805             0.0361470147             0.5465076481             0.0000380865
          207.5194002805             0.0357539082             0.5387145374             0.0000518275
          208.6594002805             0.0353671640             0.5310458424             0.0000701528
          209.7994002805             0.0349866459             0.5235199152             0.0000944560
          210.9394002805             0.0346122212             0.5161151787             0.0001265080
          212.0794002805             0.0342437610             0.5088288764             0.0001685440
          213.2194002805             0.0338811393             0.5016639586             0.0002233675
          214.3594002805             0.0335242339             0.4946288820             0.0002944709
          215.4994002805             0.0331729255             0.4877063752             0.0003861755
          216.6394002805             0.0328270980             0.4808946892             0.0005037922
          217.7794002805             0.0324866381             0.4742017978             0.0006538040
          218.9194002805             0.0321514356             0.4676249346             0.0008440690
          220.0594002805             0.0318213831             0.4611532360             0.0010840465
          221.1994002805             0.0314963758             0.4547850235             0.0013850417
          222.3394002805             0.0311763117             0.4485326225             0.0017604694
          223.4794002805             0.0308610912             0.4423834918             0.0022261315
          224.6194002805             0.0305506172             0.4363324426             0.0028005030
          225.7594002805             0.0302447953             0.4303792006             0.0035050221
          226.8994002805             0.0299435330             0.4245358478             0.0043643724
          228.0394002805             0.0296467404             0.4187853838             0.0054067508
          229.1794002805             0.0293543297             0.4131262775             0.0066641068
          230.3194002805             0.0290662152             0.4075625871             0.0081723409
          231.4594002805             0.0287823134             0.4020968111             0.0099714479
          232.5994002805             0.0285025425             0.3967174899             0.0121055876
          233.7394002805             0.0282268232             0.3914231815             0.0146230699
          234.8794002805             0.0279550776             0.3862216853             0.0175762346
          236.0194002805             0.0276872300             0.3811071803             0.0210212137
          237.1594002805             0.0274232061             0.3760730815             0.0250175606
          238.2994002805             0.0271629339             0.3711180370             0.0296277362
          239.4394002805             0.0269063426             0.3662530487             0.0349164422
          240.5794002805             0.0266533633             0.3614651264             0.0409497997
          241.7194002805             0.0264039286             0.3567519470             0.0477943730
          242.8594002805             0.0261579728             0.3521148238             0.0555160456
          243.9994002805             0.0259154315             0.3475597462             0.0641787612
          245.1394002805             0.0256762420             0.3430753223             0.0738431505
          246.2794002805             0.0254403429             0.3386603554             0.0845650678
          247.4194002805             0.0252076743             0.3343193594             0.0963940717
          248.5594002805             0.0249781774             0.3300512633             0.1093718864
          249.6994002805             0.0247517951             0.3258488166             0.1235308886
          250.8394002805             0.0245284713             0.3217109059             0.1388926639
          251.9794002805             0.0243081513             0.3176447919             0.1554666835
          253.1194002805             0.0240907814             0.3136433076             0.1732491487
          254.2594002805             0.0238763095             0.3097028210             0.1922220509
          255.3994002805             0.0236646842             0.3058227896             0.2123524900
          256.5394002805             0.0234558556             0.3020113417             0.2335922893
          257.6794002805             0.0232497745             0.2982575503             0.2558779365
          258.8194002805             0.0230463932             0.2945604400             0.2791308713
          259.9594002805             0.0228456647             0.2909221974             0.3032581297
          261.0994002805             0.0226475431             0.2873449699             0.3281533435
          262.2394002805             0.0224519837             0.2838213267             0.3536980797
          263.3794002805             0.0222589424             0.2803503642             0.3797634962
          264.5194002805             0.0220683763             0.2769366207             0.4062122731
          265.6594002805             0.0218802433             0.2735770612             0.4329007752
          266.7994002805             0.0216945022             0.2702673149             0.4596813865
          267.9394002805             0.0215111128             0.2670065453             0.4864049552
          269.0794002805             0.0213300355             0.2638013066             0.5129232809
          270.2194002805             0.0211512316             0.2606440932             0.5390915761
          271.3594002805             0.0209746635             0.2575332035             0.5647708323
          272.4994002805             0.0208002939             0.2544692098             0.5898300281
          273.6394002805             0.0206280866             0.2514563448             0.6141481203
          274.7794002805             0.0204580061             0.2484873045             0.6376157676
          275.9194002805             0.0202900174             0.2455613602             0.6601367475
          277.0594002805             0.0201240866             0.2426810960             0.6816290377
          278.1994002805             0.0199601801             0.2398463384             0.7020255443
          279.3394002805             0.0197982652             0.2370523663             0.7212744730
          280.4794002805             0.0196383098             0.2342985063             0.7393393503
          281.6194002805             0.0194802825             0.2315890768             0.7561987129
          282.7594002805             0.0193241525             0.2289200833             0.7718454925
          283.8994002805             0.0191698895             0.2262890662             0.7862861332
          285.0394002805             0.0190174639             0.2236955027             0.7995394823
          286.1794002805             0.0188668467             0.2211448996             0.8116355022
          287.3194002805             0.0187180095             0.2186302620             0.8226138511
          288.4594002805             0.0185709243             0.2161510038             0.8325223814
          289.5994002805             0.0184255638             0.2137083230             0.8414156036
          290.7394002805             0.0182819012             0.2113039765             0.8493531580
          291.8794002805             0.0181399101             0.2089331507             0.8563983360
          293.0194002805             0.0179995648             0.2065953038             0.8626166824
          294.1594002805             0.0178608399             0.2042931259             0.8680747074
          295.2994002805             0.0177237107             0.2020251052             0.8728387301
          296.4394002805             0.0175881527             0.1997883450             0.8769738661
          297.5794002805             0.0174541422             0.1975823442             0.8805431693
          298.7194002805             0.0173216556             0.1954110825             0.8836069296
          299.8594002805             0.0171906700             0.1932702071             0.8862221229
          300.9994002805             0.0170611628             0.1911585020             0.8884420080
          302.1394002805             0.0169331118             0.1890761944             0.8903158581
          303.2794002805             0.0168064954             0.1870263017             0.8918888154
          304.4194002805             0.0166812923             0.1850040823             0.8932018514
          305.5594002805             0.0165574814             0.1830090998             0.8942918201
          306.6994002805             0.0164350423             0.1810428661             0.8951915852
          307.8394002805             0.0163139547             0.1791055984             0.8959302066
          308.9794002805             0.0161941990             0.1771941825             0.8965331720
          310.1194002805             0.0160757556             0.1753082144             0.8970226582
          311.2594002805             0.0159586054             0.1734503236             0.8974178121
          312.3994002805             0.0158427298             0.1716182791             0.8977350388
          313.5394002805             0.0157281103             0.1698104003             0.8979882896
          314.6794002805             0.0156147288             0.1680263131             0.8981893422
          315.8194002805             0.0155025677             0.1662696158             0.8983480676
          316.9594002805             0.0153916094             0.1645359430             0.8984726797
          318.0994002805             0.0152818369             0.1628248745             0.8985699662
          319.2394002805             0.0151732333             0.1611370760             0.8986454966
          320.3794002805             0.0150657822             0.1594739453             0.8987038101
          321.5194002805             0.0149594672             0.1578322991             0.8987485808
          322.6594002805             0.0148542725             0.1562118106             0.8987827627
          323.7994002805             0.0147501823             0.1546141145             0.8988087151
          324.9394002805             0.0146471813             0.1530384962             0.8988283096
          326.0794002805             0.0145452544             0.1514829976             0.8988430216
          327.2194002805             0.0144443866             0.1499473156             0.8988540061
          328.3594002805             0.0143445634             0.1484339308             0.8988621621
          329.4994002805             0.0142457704             0.1469402756             0.8988681841
          330.6394002805             0.0141479936             0.1454654743             0.8988726058
          331.7794002805             0.0140512189             0.1440095906             0.8988758344
          332.9194002805             0.0139554329             0.1425748067             0.8988781787
          334.0594002805             0.0138606220             0.1411579679             0.8988798715
          335.1994002805             0.0137667731             0.1397588086             0.8988810870
          336.3394002805             0.0136738733             0.1383782339             0.8988819549
          337.4794002805             0.0135819098             0.1370165998             0.8988825712
          338.6194002805             0.0134908700             0.1356718014             0.8988830064
          339.7594002805             0.0134007417             0.1343435923             0.8988833120
          340.8994002805             0.0133115128             0.1330336162             0.8988835254
          342.0394002805             0.0132231713             0.1317406183             0.8988836736
          343.1794002805             0.0131357054             0.1304634258             0.8988837759
          344.3194002805             0.0130491038             0.1292018096             0.8988838462
          345.4594002805             0.0129633550             0.1279580605             0.8988838942
          346.5994002805             0.0128784479             0.1267295061             0.8988839268
          347.7394002805             0.0127943715             0.1255157994             0.8988839488
          348.8794002805             0.0127111151             0.1243173125             0.8988839636
          350.0194002805             0.0126286679             0.1231351456             0.8988839735
          351.1594002805             0.0125470197             0.1219671373             0.8988839800
          352.2994002805             0.0124661600             0.1208130858             0.8988839844
          353.4394002805             0.0123860788             0.1196740095             0.8988839872
          354.5794002805             0.0123067661             0.1185496051             0.8988839891
          355.7194002805             0.0122282121             0.1174385133             0.8988839903
          356.8594002805             0.0121504073             0.1163405403             0.8988839910
          357.9994002805             0.0120733420             0.1152572514             0.8988839915
          359.1394002805             0.0119970070             0.1141870609             0.8988839919
          360.2794002805             0.0119213931             0.1131292617             0.8988839921
          361.4194002805             0.0118464912             0.1120837544             0.8988839922
          362.5594002805             0.0117722924             0.1110520170             0.8988839923
          363.6994002805             0.0116987880             0.1100318928             0.8988839923
          364.8394002805             0.0116259693             0.1090231977             0.8988839923
          365.9794002805             0.0115538279             0.1080264541             0.8988839924
          367.1194002805             0.0114823553             0.1070420236             0.8988839924
          368.2594002805             0.0114115434             0.1060684890             0.8988839924
          369.3994002805             0.0113413839             0.1051056980             0.8988839924
          370.5394002805             0.0112718690             0.1041546651             0.8988839924
          371.6794002805             0.0112029908             0.1032147035             0.8988839924
          372.8194002805             0.0111347415             0.1022850003             0.8988839924
          373.9594002805             0.0110671135             0.1013654135             0.8988839924
          375.0994002805             0.0110000993             0.1004573844             0.8988839924
          376.2394002805             0.0109336915             0.0995592946             0.8988839924
          377.3794002805             0.0108678827             0.0986708690             0.8988839924
          378.5194002805             0.0108026659             0.0977923036             0.8988839924
          379.6594002805             0.0107380339             0.0969244290             0.8988839924
          380.7994002805             0.0106739798             0.0960657897             0.8988839924
          381.9394002805             0.0106104967             0.0952162601             0.8988839924
          383.0794002805             0.0105475779             0.0943764623             0.8988839924
          384.2194002805             0.0104852167             0.0935463058             0.8988839924
          385.3594002805             0.0104234064             0.0927248593             0.8988839924
          386.4994002805             0.0103621408             0.0919120059             0.8988839924
          387.6394002805             0.0103014133             0.0911087452             0.8988839924
          388.7794002805             0.0102412177             0.0903141671             0.8988839924
          389.9194002805             0.0101815479             0.0895278097             0.8988839924
          391.0594002805             0.0101223976             0.0887496250             0.8988839924
          392.1994002805             0.0100637610             0.0879807646             0.8988839924
          393.3394002805             0.0100056320             0.0872197726             0.8988839924
          394.4794002805             0.0099480049             0.0864665458             0.8988839924
          395.6194002805             0.0098908739             0.0857214120             0.8988839924
          396.7594002805             0.0098342333             0.0849847153             0.8988839924
          397.8994002805             0.0097780774             0.0842554565             0.8988839924
          399.0394002805             0.0097224009             0.0835335399             0.8988839924
          400.1794002805             0.0096671983             0.0828196290             0.8988839924
          401.3194002805             0.0096124641             0.0821133450             0.8988839924
          402.4594002805             0.0095581932             0.0814140996             0.8988839924
          403.5994002805             0.0095043803             0.0807218042             0.8988839924
          404.7394002805             0.0094510203             0.0800374227             0.8988839924
          405.8794002805             0.0093981081             0.0793599290             0.8988839924
          407.0194002805             0.0093456387             0.0786891045             0.8988839924
          408.1594002805             0.0092936072             0.0780250583             0.8988839924
          409.2994002805             0.0092420088             0.0773684504             0.8988839924
          410.4394002805             0.0091908386             0.0767182477             0.8988839924
          411.5794002805             0.0091400919             0.0760743733             0.8988839924
          412.7194002805             0.0090897641             0.0754372367             0.8988839924
          413.8594002805             0.0090398506             0.0748068580             0.8988839924
          414.9994002805             0.0089903468             0.0741825647             0.8988839924
          416.1394002805             0.0089412483             0.0735642862             0.8988839924
          417.2794002805             0.0088925507             0.0729527035             0.8988839924
          418.4194002805             0.0088442495             0.0723472583             0.8988839924
          419.5594002805             0.0087963406             0.0717476051             0.8988839924
          420.6994002805             0.0087488197             0.0711536903             0.8988839924
          421.8394002805             0.0087016827             0.0705664073             0.8988839924
          422.9794002805             0.0086549253             0.0699847078             0.8988839924
          424.1194002805             0.0086085435             0.0694085313             0.8988839924
          425.2594002805             0.0085625334             0.0688380949             0.8988839924
          426.3994002805             0.0085168909             0.0682737213             0.8988839924
          427.5394002805             0.0084716122             0.0677146800             0.8988839924
          428.6794002805             0.0084266934             0.0671609158             0.8988839924
          429.8194002805             0.0083821307             0.0666128927             0.8988839924
          430.9594002805             0.0083379204             0.0660704123             0.8988839924
          432.0994002805             0.0082940587             0.0655330344             0.8988839924
          433.2394002805             0.0082505420             0.0650007083             0.8988839924
          434.3794002805             0.0082073667             0.0644741246             0.8988839924
          435.5194002805             0.0081645293             0.0639526066             0.8988839924
          436.6594002805             0.0081220261             0.0634359802             0.8988839924
          437.7994002805             0.0080798538             0.0629243127             0.8988839924
          438.9394002805             0.0080380089             0.0624181607             0.8988839924
          440.0794002805             0.0079964881             0.0619167497             0.8988839924
          441.2194002805             0.0079552880             0.0614200355             0.8988839924
          442.3594002805             0.0079144053             0.0609283109             0.8988839924
          443.4994002805             0.0078738368             0.0604416582             0.8988839924
          444.6394002805             0.0078335792             0.0599595624             0.8988839924
          445.7794002805             0.0077936294             0.0594819823             0.8988839924
          446.9194002805             0.0077539843             0.0590094189             0.8988839924
          448.0594002805             0.0077146407             0.0585415149             0.8988839924
          449.1994002805             0.0076755957             0.0580779953             0.8988839924
          450.3394002805             0.0076368462             0.0576188214             0.8988839924
          451.4794002805             0.0075983893             0.0571646860             0.8988839924
          452.6194002805             0.0075602219             0.0567148244             0.8988839924
          453.7594002805             0.0075223413             0.0562691838             0.8988839924
          454.8994002805             0.0074847445             0.0558279158             0.8988839924
          456.0394002805             0.0074474287             0.0553912936             0.8988839924
