# Energy loss (meV)	Quasi-elastic (arb. units)	Magnetic excitations (arb. units)	dd excitations (arb. units)
         -223.5285261941             0.0035972150             0.0079282390             0.0000000000
         -222.3885261941             0.0036339490             0.0080074620             0.0000000000
         -221.2485261941             0.0036712473             0.0080874125             0.0000000000
         -220.1085261941             0.0037091214             0.0081681075             0.0000000000
         -218.9685261941             0.0037475834             0.0082495994             0.0000000000
         -217.8285261941             0.0037866454             0.0083319741             0.0000000000
         -216.6885261941             0.0038263199             0.0084151506             0.0000000000
         -215.5485261941             0.0038666197             0.0084991468             0.0000000000
         -214.4085261941             0.0039075581             0.0085840585             0.0000000000
         -213.2685261941             0.0039491485             0.0086699025             0.0000000000
         -212.1285261941             0.0039914049             0.0087566271             0.0000000000
         -210.9885261941             0.0040343415             0.0088442514             0.0000000000
         -209.8485261941             0.0040779729             0.0089329223             0.0000000000
         -208.7085261941             0.0041223142             0.0090225734             0.0000000000
         -207.5685261941             0.0041673809             0.0091131893             0.0000000000
         -206.4285261941             0.0042131888             0.0092047974             0.0000000000
         -205.2885261941             0.0042597541             0.0092975836             0.0000000000
         -204.1485261941             0.0043070937             0.0093914033             0.0000000000
         -203.0085261941             0.0043552248             0.0094862783             0.0000000000
         -201.8685261941             0.0044041650             0.0095822879             0.0000000000
         -200.7285261941             0.0044539325             0.0096795361             0.0000000000
         -199.5885261941             0.0045045461             0.0097779135             0.0000000000
         -198.4485261941             0.0045560250             0.0098774437             0.0000000000
         -197.3085261941             0.0046083890             0.0099782675             0.0000000000
         -196.1685261941             0.0046616583             0.0100803902             0.0000000000
         -195.0285261941             0.0047158541             0.0101837458             0.0000000000
         -193.8885261941             0.0047709977             0.0102883599             0.0000000000
         -192.7485261941             0.0048271113             0.0103944453             0.0000000000
         -191.6085261941             0.0048842178             0.0105018900             0.0000000000
         -190.4685261941             0.0049423407             0.0106106804             0.0000000000
         -189.3285261941             0.0050015042             0.0107208636             0.0000000000
         -188.1885261941             0.0050617331             0.0108326786             0.0000000000
         -187.0485261941             0.0051230531             0.0109459327             0.0000000000
         -185.9085261941             0.0051854907             0.0110606557             0.0000000000
         -184.7685261941             0.0052490731             0.0111769683             0.0000000000
         -183.6285261941             0.0053138283             0.0112949938             0.0000000000
         -182.4885261941             0.0053797853             0.0114145905             0.0000000000
         -181.3485261941             0.0054469739             0.0115357910             0.0000000000
         -180.2085261941             0.0055154249             0.0116588030             0.0000000000
         -179.0685261941             0.0055851700             0.0117836111             0.0000000000
         -177.9285261941             0.0056562418             0.0119101356             0.0000000000
         -176.7885261941             0.0057286742             0.0120384122             0.0000000000
         -175.6485261941             0.0058025019             0.0121687509             0.0000000000
         -174.5085261941             0.0058777609             0.0123009715             0.0000000000
         -173.3685261941             0.0059544884             0.0124350684             0.0000000000
         -172.2285261941             0.0060327225             0.0125711219             0.0000000000
         -171.0885261941             0.0061125029             0.0127094399             0.0000000000
         -169.9485261941             0.0061938705             0.0128497686             0.0000000000
         -168.8085261941             0.0062768674             0.0129921507             0.0000000000
         -167.6685261941             0.0063615373             0.0131367718             0.0000000000
         -166.5285261941             0.0064479253             0.0132837772             0.0000000000
         -165.3885261941             0.0065360779             0.0134329850             0.0000000000
         -164.2485261941             0.0066260434             0.0135844431             0.0000000000
         -163.1085261941             0.0067178717             0.0137384618             0.0000000000
         -161.9685261941             0.0068116142             0.0138949902             0.0000000000
         -160.8285261941             0.0069073244             0.0140539349             0.0000000000
         -159.6885261941             0.0070050574             0.0142153490             0.0000000000
         -158.5485261941             0.0071048704             0.0143796908             0.0000000000
         -157.4085261941             0.0072068226             0.0145466744             0.0000000000
         -156.2685261941             0.0073109752             0.0147163130             0.0000000000
         -155.1285261941             0.0074173919             0.0148887426             0.0000000000
         -153.9885261941             0.0075261383             0.0150643667             0.0000000000
         -152.8485261941             0.0076372827             0.0152428482             0.0000000000
         -151.7085261941             0.0077508956             0.0154242522             0.0000000000
         -150.5685261941             0.0078670505             0.0156088686             0.0000000000
         -149.4285261941             0.0079858234             0.0157968684             0.0000000000
         -148.2885261941             0.0081072931             0.0159880183             0.0000000000
         -147.1485261941             0.0082315414             0.0161823916             0.0000000000
         -146.0085261941             0.0083586533             0.0163804628             0.0000000000
         -144.8685261941             0.0084887171             0.0165821196             0.0000000000
         -143.7285261941             0.0086218243             0.0167872566             0.0000000000
         -142.5885261941             0.0087580702             0.0169959566             0.0000000000
         -141.4485261941             0.0088975536             0.0172089152             0.0000000000
         -140.3085261941             0.0090403774             0.0174256761             0.0000000000
         -139.1685261941             0.0091866485             0.0176462908             0.0000000000
         -138.0285261941             0.0093364780             0.0178709929             0.0000000000
         -136.8885261941             0.0094899816             0.0181003240             0.0000000000
         -135.7485261941             0.0096472798             0.0183338295             0.0000000000
         -134.6085261941             0.0098084978             0.0185716131             0.0000000000
         -133.4685261941             0.0099737662             0.0188141410             0.0000000000
         -132.3285261941             0.0101432210             0.0190616142             0.0000000000
         -131.1885261941             0.0103170038             0.0193137311             0.0000000000
         -130.0485261941             0.0104952623             0.0195706100             0.0000000000
         -128.9085261941             0.0106781504             0.0198330001             0.0000000000
         -127.7685261941             0.0108658289             0.0201006804             0.0000000000
         -126.6285261941             0.0110584653             0.0203735411             0.0000000000
         -125.4885261941             0.0112562346             0.0206517177             0.0000000000
         -124.3485261941             0.0114593193             0.0209363045             0.0000000000
         -123.2085261941             0.0116679104             0.0212265580             0.0000000000
         -122.0685261941             0.0118822072             0.0215226083             0.0000000000
         -120.9285261941             0.0121024181             0.0218248650             0.0000000000
         -119.7885261941             0.0123287611             0.0221340818             0.0000000000
         -118.6485261941             0.0125614641             0.0224496315             0.0000000000
         -117.5085261941             0.0128007657             0.0227716888             0.0000000000
         -116.3685261941             0.0130469158             0.0231010312             0.0000000000
         -115.2285261941             0.0133001759             0.0234378955             0.0000000000
         -114.0885261941             0.0135608203             0.0237818885             0.0000000000
         -112.9485261941             0.0138291361             0.0241332130             0.0000000000
         -111.8085261941             0.0141054248             0.0244931034             0.0000000000
         -110.6685261941             0.0143900024             0.0248611404             0.0000000000
         -109.5285261941             0.0146832009             0.0252372317             0.0000000000
         -108.3885261941             0.0149853685             0.0256216391             0.0000000000
         -107.2485261941             0.0152968714             0.0260160893             0.0000000000
         -106.1085261941             0.0156180941             0.0264194084             0.0000000000
         -104.9685261941             0.0159494412             0.0268318637             0.0000000000
         -103.8285261941             0.0162913381             0.0272542022             0.0000000000
         -102.6885261941             0.0166442329             0.0276875255             0.0000000000
         -101.5485261941             0.0170085970             0.0281309419             0.0000000000
         -100.4085261941             0.0173849275             0.0285847664             0.0000000000
          -99.2685261941             0.0177737481             0.0290503641             0.0000000000
          -98.1285261941             0.0181756114             0.0295280137             0.0000000000
          -96.9885261941             0.0185911004             0.0300172018             0.0000000000
          -95.8485261941             0.0190208308             0.0305183014             0.0000000000
          -94.7085261941             0.0194654532             0.0310334656             0.0000000000
          -93.5685261941             0.0199256556             0.0315618962             0.0000000000
          -92.4285261941             0.0204021657             0.0321035819             0.0000000000
          -91.2885261941             0.0208957544             0.0326591077             0.0000000000
          -90.1485261941             0.0214072387             0.0332312116             0.0000000000
          -89.0085261941             0.0219374856             0.0338181113             0.0000000000
          -87.8685261941             0.0224874160             0.0344203184             0.0000000000
          -86.7285261941             0.0230580096             0.0350392738             0.0000000000
          -85.5885261941             0.0236503104             0.0356767013             0.0000000000
          -84.4485261941             0.0242654335             0.0363312893             0.0000000000
          -83.3085261941             0.0249045721             0.0370036558             0.0000000000
          -82.1685261941             0.0255690074             0.0376963678             0.0000000000
          -81.0285261941             0.0262601202             0.0384097570             0.0000000000
          -79.8885261941             0.0269794047             0.0391431716             0.0000000000
          -78.7485261941             0.0277284864             0.0398973635             0.0000000000
          -77.6085261941             0.0285091448             0.0406763849             0.0000000000
          -76.4685261941             0.0293233418             0.0414786721             0.0000000000
          -75.3285261941             0.0301732581             0.0423044877             0.0000000000
          -74.1885261941             0.0310613400             0.0431551850             0.0000000000
          -73.0485261941             0.0319903583             0.0440355016             0.0000000000
          -71.9085261941             0.0329634850             0.0449425884             0.0000000000
          -70.7685261941             0.0339843893             0.0458775452             0.0000000000
          -69.6285261941             0.0350573610             0.0468434164             0.0000000000
          -68.4885261941             0.0361874648             0.0478432160             0.0000000000
          -67.3485261941             0.0373807358             0.0488749837             0.0000000000
          -66.2085261941             0.0386444221             0.0499401327             0.0000000000
          -65.0685261941             0.0399872867             0.0510440945             0.0000000000
          -63.9285261941             0.0414199790             0.0521874185             0.0000000000
          -62.7885261941             0.0429554881             0.0533695282             0.0000000000
          -61.6485261941             0.0446096926             0.0545923464             0.0000000000
          -60.5085261941             0.0464020201             0.0558648438             0.0000000000
          -59.3685261941             0.0483562319             0.0571840907             0.0000000000
          -58.2285261941             0.0505013462             0.0585517567             0.0000000000
          -57.0885261941             0.0528727140             0.0599720278             0.0000000000
          -55.9485261941             0.0555132570             0.0614557234             0.0000000000
          -54.8085261941             0.0584748762             0.0629987942             0.0000000000
          -53.6685261941             0.0618200320             0.0646055573             0.0000000000
          -52.5285261941             0.0656234902             0.0662860998             0.0000000000
          -51.3885261941             0.0699742224             0.0680501814             0.0000000000
          -50.2485261941             0.0749774330             0.0698973847             0.0000000000
          -49.1085261941             0.0807566779             0.0718357800             0.0000000000
          -47.9685261941             0.0874560197             0.0738875924             0.0000000000
          -46.8285261941             0.0952421532             0.0760609451             0.0000000000
          -45.6885261941             0.1043064127             0.0783634227             0.0000000000
          -44.5485261941             0.1148665575             0.0808111581             0.0000000000
          -43.4085261941             0.1271682140             0.0834528451             0.0000000000
          -42.2685261941             0.1414858350             0.0862910596             0.0000000000
          -41.1285261941             0.1581230264             0.0893509917             0.0000000000
          -39.9885261941             0.1774120790             0.0926740070             0.0000000000
          -38.8485261941             0.1997125431             0.0963390584             0.0000000000
          -37.7085261941             0.2254086831             0.1003546674             0.0000000000
          -36.5685261941             0.2549056666             0.1047744609             0.0000000000
          -35.4285261941             0.2886243587             0.1097013770             0.0000000000
          -34.2885261941             0.3269946292             0.1152359872             0.0000000000
          -33.1485261941             0.3704471200             0.1214161605             0.0000000000
          -32.0085261941             0.4194034752             0.1283386365             0.0000000000
          -30.8685261941             0.4742650965             0.1362313330             0.0000000000
          -29.7285261941             0.5354005587             0.1451851240             0.0000000000
          -28.5885261941             0.6031318915             0.1552967126             0.0000000000
          -27.4485261941             0.6777200078             0.1667248526             0.0000000000
          -26.3085261941             0.7593496306             0.1799248288             0.0000000000
          -25.1685261941             0.8481141296             0.1948821259             0.0000000000
          -24.0285261941             0.9440007261             0.2118003509             0.0000000000
          -22.8885261941             1.0468765499             0.2310045791             0.0000000000
          -21.7485261941             1.1564760361             0.2530378910             0.0000000000
          -20.6085261941             1.2723901238             0.2778624925             0.0000000000
          -19.4685261941             1.3940576659             0.3057634484             0.0000000000
          -18.3285261941             1.5207593850             0.3373445578             0.0000000000
          -17.1885261941             1.6516146178             0.3730152864             0.0000000000
          -16.0485261941             1.7855810053             0.4127775187             0.0000000000
          -14.9085261941             1.9214572175             0.4569509493             0.0000000000
          -13.7685261941             2.0578888009             0.5065010428             0.0000000000
          -12.6285261941             2.1933773225             0.5614059570             0.0000000000
          -11.4885261941             2.3262931992             0.6217415071             0.0000000000
          -10.3485261941             2.4548929547             0.6877873922             0.0000000000
           -9.2085261941             2.5773421069             0.7608730846             0.0000000000
           -8.0685261941             2.6917453498             0.8402158249             0.0000000000
           -6.9285261941             2.7961859532             0.9259859088             0.0000000000
           -5.7885261941             2.8887760776             1.0186099529             0.0000000000
           -4.6485261941             2.9677186730             1.1187429727             0.0000000000
           -3.5085261941             3.0313796338             1.2255309382             0.0000000000
           -2.3685261941             3.0783660406             1.3389115993             0.0000000000
           -1.2285261941             3.1076032636             1.4593122864             0.0000000000
           -0.0885261941             3.1184014450             1.5864324521             0.0000000000
            1.0514738059             3.1105015374             1.7194148131             0.0000000000
            2.1914738059             3.0840932877             1.8578658471             0.0000000000
            3.3314738059             3.0398020269             2.0019075603             0.0000000000
            4.4714738059             2.9786465801             2.1503974344             0.0000000000
            5.6114738059             2.9019753405             2.3024838610             0.0000000000
            6.7514738059             2.8113901575             2.4574508265             0.0000000000
            7.8914738059             2.7086677253             2.6146980839             0.0000000000
            9.0314738059             2.5956861303             2.7729212287             0.0000000000
           10.1714738059             2.4743612087             2.9312254538             0.0000000000
           11.3114738059             2.3465944371             3.0885966019             0.0000000000
           12.4514738059             2.2142319339             3.2437932365             0.0000000000
           13.5914738059             2.0790329735             3.3960254774             0.0000000000
           14.7314738059             1.9426460854             3.5443929941             0.0000000000
           15.8714738059             1.8065910142             3.6874883082             0.0000000000
           17.0114738059             1.6722452613             3.8244186772             0.0000000000
           18.1514738059             1.5408344023             3.9548241792             0.0000000000
           19.2914738059             1.4134257424             4.0780300291             0.0000000000
           20.4314738059             1.2909251131             4.1922536789             0.0000000000
           21.5714738059             1.1740767160             4.2977661548             0.0000000000
           22.7114738059             1.0634659289             4.3944172437             0.0000000000
           23.8514738059             0.9595249304             4.4817640096             0.0000000000
           24.9914738059             0.8625409147             4.5581420711             0.0000000000
           26.1314738059             0.7726665740             4.6249255166             0.0000000000
           27.2714738059             0.6899324523             4.6820726745             0.0000000000
           28.4114738059             0.6142607109             4.7290673134             0.0000000000
           29.5514738059             0.5454798240             4.7655000965             0.0000000000
           30.6914738059             0.4833397156             4.7926806910             0.0000000000
           31.8314738059             0.4275268751             4.8108631142             0.0000000000
           32.9714738059             0.3776790315             4.8194928899             0.0000000000
           34.1114738059             0.3333990245             4.8192829865             0.0000000000
           35.2514738059             0.2942675806             4.8112457305             0.0000000000
           36.3914738059             0.2598547761             4.7958108446             0.0000000000
           37.5314738059             0.2297300422             4.7724691035             0.0000000000
           38.6714738059             0.2034706376             4.7426158514             0.0000000000
           39.8114738059             0.1806685787             4.7069070808             0.0000000000
           40.9514738059             0.1609360708             4.6657304772             0.0000000000
           42.0914738059             0.1439095279             4.6189934585             0.0000000000
           43.2314738059             0.1292523057             4.5679754291             0.0000000000
           44.3714738059             0.1166562903             4.5131344922             0.0000000000
           45.5114738059             0.1058425043             4.4547243580             0.0000000000
           46.6514738059             0.0965608931             4.3931237514             0.0000000000
           47.7914738059             0.0885894535             4.3290880113             0.0000000000
           48.9314738059             0.0817328571             4.2629929035             0.0000000000
           50.0714738059             0.0758207098             4.1950414814             0.0000000000
           51.2114738059             0.0707055714             4.1256998281             0.0000000000
           52.3514738059             0.0662608427             4.0553690959             0.0000000000
           53.4914738059             0.0623786097             3.9843221602             0.0000000000
           54.6314738059             0.0589675156             3.9127720463             0.0000000000
           55.7714738059             0.0559507163             3.8410357414             0.0000000000
           56.9114738059             0.0532639591             3.7693185189             0.0000000000
           58.0514738059             0.0508538110             3.6978072362             0.0000000000
           59.1914738059             0.0486760522             3.6267282445             0.0000000000
           60.3314738059             0.0466942416             3.5561786453             0.0000000000
           61.4714738059             0.0448784519             3.4862749473             0.0000000000
           62.6114738059             0.0432041696             3.4171789518             0.0000000000
           63.7514738059             0.0416513489             3.3490190453             0.0000000000
           64.8914738059             0.0402036064             3.2817862874             0.0000000000
           66.0314738059             0.0388475426             3.2155393276             0.0000000000
           67.1714738059             0.0375721770             3.1504526180             0.0000000000
           68.3114738059             0.0363684797             3.0865085442             0.0000000000
           69.4514738059             0.0352289888             3.0236757948             0.0000000000
           70.5914738059             0.0341474983             2.9619756500             0.0000000000
           71.7314738059             0.0331188064             2.9016111863             0.0000000000
           72.8714738059             0.0321385142             2.8424191289             0.0000000000
           74.0114738059             0.0312028648             2.7843891326             0.0000000000
           75.1514738059             0.0303086160             2.7275592053             0.0000000000
           76.2914738059             0.0294529401             2.6720480152             0.0000000000
           77.4314738059             0.0286333447             2.6176841214             0.0000000000
           78.5714738059             0.0278476112             2.5644571148             0.0000000000
           79.7114738059             0.0270937463             2.5124419390             0.0000000000
           80.8514738059             0.0263699443             2.4616397209             0.0000000000
           81.9914738059             0.0256745573             2.4119274681             0.0000000000
           83.1314738059             0.0250060719             2.3632882136             0.0000000000
           84.2714738059             0.0243630910             2.3158326237             0.0000000000
           85.4114738059             0.0237443185             2.2694609319             0.0000000000
           86.5514738059             0.0231485481             2.2241012292             0.0000000000
           87.6914738059             0.0225746534             2.1797340851             0.0000000000
           88.8314738059             0.0220215796             2.1365012193             0.0000000000
           89.9714738059             0.0214883376             2.0942204407             0.0000000000
           91.1114738059             0.0209739974             2.0528672246             0.0000000000
           92.2514738059             0.0204776842             2.0124576470             0.0000000000
           93.3914738059             0.0199985733             1.9730514575             0.0000000000
           94.5314738059             0.0195358870             1.9345085106             0.0000000000
           95.6714738059             0.0190888910             1.8968097198             0.0000000000
           96.8114738059             0.0186568913             1.8600052171             0.0000000000
           97.9514738059             0.0182392317             1.8240747842             0.0000000000
           99.0914738059             0.0178352912             1.7889275459             0.0000000000
          100.2314738059             0.0174444820             1.7545456803             0.0000000000
          101.3714738059             0.0170662467             1.7210072681             0.0000000000
          102.5114738059             0.0167000574             1.6882268266             0.0000000000
          103.6514738059             0.0163454129             1.6561554256             0.0000000000
          104.7914738059             0.0160018378             1.6247780570             0.0000000000
          105.9314738059             0.0156688807             1.5941912169             0.0000000000
          107.0714738059             0.0153461126             1.5642609055             0.0000000000
          108.2114738059             0.0150331259             1.5349719560             0.0000000000
          109.3514738059             0.0147295329             1.5063383854             0.0000000000
          110.4914738059             0.0144349648             1.4783917088             0.0000000000
          111.6314738059             0.0141490704             1.4510388275             0.0000000000
          112.7714738059             0.0138715155             1.4242660390             0.0000000000
          113.9114738059             0.0136019815             1.3981111017             0.0000000000
          115.0514738059             0.0133401649             1.3725520677             0.0000000000
          116.1914738059             0.0130857763             1.3475302387             0.0000000000
          117.3314738059             0.0128385394             1.3230332751             0.0000000000
          118.4714738059             0.0125981908             1.2991181273             0.0000000000
          119.6114738059             0.0123644789             1.2757192289             0.0000000000
          120.7514738059             0.0121371634             1.2528066158             0.0000000000
          121.8914738059             0.0119160147             1.2303732943             0.0000000000
          123.0314738059             0.0117008133             1.2084792249             0.0000000000
          124.1714738059             0.0114913493             1.1870358909             0.0000000000
          125.3114738059             0.0112874221             1.1660330756             0.0000000000
          126.4514738059             0.0110888395             1.1454835358             0.0000000000
          127.5914738059             0.0108954176             1.1254033810             0.0000000000
          128.7314738059             0.0107069802             1.1057318020             0.0000000000
          129.8714738059             0.0105233588             1.0864596168             0.0000000000
          131.0114738059             0.0103443915             1.0676157525             0.0000000000
          132.1514738059             0.0101699235             1.0491800956             0.0000000000
          133.2914738059             0.0099998060             1.0311151251             0.0000000000
          134.4314738059             0.0098338965             1.0134125855             0.0000000000
          135.5714738059             0.0096720581             0.9961145254             0.0000000000
          136.7114738059             0.0095141594             0.9791711129             0.0000000000
          137.8514738059             0.0093600745             0.9625643186             0.0000000000
          138.9914738059             0.0092096821             0.9462917714             0.0000000000
          140.1314738059             0.0090628658             0.9303908851             0.0000000000
          141.2714738059             0.0089195137             0.9148028123             0.0000000000
          142.4114738059             0.0087795184             0.8995207057             0.0000000000
          143.5514738059             0.0086427762             0.8845557066             0.0000000000
          144.6914738059             0.0085091879             0.8699152496             0.0000000000
          145.8314738059             0.0083786575             0.8555593275             0.0000000000
          146.9714738059             0.0082510930             0.8414817719             0.0000000000
          148.1114738059             0.0081264056             0.8277048482             0.0000000000
          149.2514738059             0.0080045098             0.8142110857             0.0000000000
          150.3914738059             0.0078853234             0.8009763796             0.0000000000
          151.5314738059             0.0077687669             0.7879951689             0.0000000000
          152.6714738059             0.0076547640             0.7752988027             0.0000000000
          153.8114738059             0.0075432410             0.7628492493             0.0000000000
          154.9514738059             0.0074341267             0.7506357778             0.0000000000
          156.0914738059             0.0073273526             0.7386584763             0.0000000000
          157.2314738059             0.0072228525             0.7269407204             0.0000000000
          158.3714738059             0.0071205626             0.7154429497             0.0000000000
          159.5114738059             0.0070204213             0.7041605266             0.0000000000
          160.6514738059             0.0069223691             0.6931029094             0.0000000000
          161.7914738059             0.0068263484             0.6822726858             0.0000000000
          162.9314738059             0.0067323039             0.6716432722             0.0000000000
          164.0714738059             0.0066401817             0.6612104778             0.0000000000
          165.2114738059             0.0065499302             0.6509915221             0.0000000000
          166.3514738059             0.0064614992             0.6409716213             0.0000000000
          167.4914738059             0.0063748403             0.6311351992             0.0000000000
          168.6314738059             0.0062899066             0.6214784651             0.0000000000
          169.7714738059             0.0062066527             0.6120250200             0.0000000000
          170.9114738059             0.0061250349             0.6027456464             0.0000000000
          172.0514738059             0.0060450107             0.5936340729             0.0000000000
          173.1914738059             0.0059665390             0.5846916112             0.0000000000
          174.3314738059             0.0058895801             0.5759328326             0.0000000000
          175.4714738059             0.0058140955             0.5673308382             0.0000000000
          176.6114738059             0.0057400479             0.5588824490             0.0000000000
          177.7514738059             0.0056674011             0.5505955679             0.0000000000
          178.8914738059             0.0055961202             0.5424701468             0.0000000000
          180.0314738059             0.0055261712             0.5344883501             0.0000000000
          181.1714738059             0.0054575214             0.5266472954             0.0000000000
          182.3114738059             0.0053901388             0.5189603801             0.0000000000
          183.4514738059             0.0053239924             0.5114152660             0.0000000000
          184.5914738059             0.0052590525             0.5040018433             0.0000000000
          185.7314738059             0.0051952898             0.4967174969             0.0000000000
          186.8714738059             0.0051326763             0.4895801727             0.0000000000
          188.0114738059             0.0050711844             0.4825672547             0.0000000000
          189.1514738059             0.0050107877             0.4756751987             0.0000000000
          190.2914738059             0.0049514605             0.4689058509             0.0000000000
          191.4314738059             0.0048931776             0.4622682292             0.0000000000
          192.5714738059             0.0048359148             0.4557438390             0.0000000000
          193.7114738059             0.0047796484             0.4493304747             0.0000000000
          194.8514738059             0.0047243556             0.4430346858             0.0000000000
          195.9914738059             0.0046700141             0.4368550638             0.0000000000
          197.1314738059             0.0046166023             0.4307795318             0.0000000000
          198.2714738059             0.0045640991             0.4248060839             0.0000000000
          199.4114738059             0.0045124840             0.4189452153             0.0000000000
          200.5514738059             0.0044617373             0.4131866991             0.0000000000
          201.6914738059             0.0044118396             0.4075239573             0.0000000000
          202.8314738059             0.0043627721             0.4019551639             0.0000000000
          203.9714738059             0.0043145165             0.3964941039             0.0000000000
          205.1114738059             0.0042670552             0.3911231272             0.0000000000
          206.2514738059             0.0042203707             0.3858403539             0.0000000000
          207.3914738059             0.0041744463             0.3806477903             0.0000000000
          208.5314738059             0.0041292655             0.3755509344             0.0000000000
          209.6714738059             0.0040848126             0.3705369322             0.0000000000
          210.8114738059             0.0040410719             0.3656042346             0.0000000000
          211.9514738059             0.0039980284             0.3607582518             0.0000000000
          213.0914738059             0.0039556673             0.3559969417             0.0000000000
          214.2314738059             0.0039139743             0.3513120580             0.0000000000
          215.3714738059             0.0038729356             0.3467021871             0.0000000000
          216.5114738059             0.0038325375             0.3421756133             0.0000000000
          217.6514738059             0.0037927667             0.3377238784             0.0000000000
          218.7914738059             0.0037536104             0.3333427041             0.0000000000
          219.9314738059             0.0037150561             0.3290311337             0.0000000000
          221.0714738059             0.0036770914             0.3247988622             0.0000000000
          222.2114738059             0.0036397044             0.3206329977             0.0000000000
          223.3514738059             0.0036028836             0.3165323360             0.0000000000
          224.4914738059             0.0035666175             0.3124988474             0.0000000000
          225.6314738059             0.0035308950             0.3085357916             0.0000000000
          226.7714738059             0.0034957055             0.3046341420             0.0000000000
          227.9114738059             0.0034610383             0.3007927974             0.0000000000
          229.0514738059             0.0034268832             0.2970162258             0.0000000000
          230.1914738059             0.0033932302             0.2933021593             0.0000000000
          231.3314738059             0.0033600696             0.2896449246             0.0000000000
          232.4714738059             0.0033273917             0.2860435137             0.0000000000
          233.6114738059             0.0032951872             0.2825045166             0.0000000000
          234.7514738059             0.0032634471             0.2790209341             0.0000000000
          235.8914738059             0.0032321626             0.2755899950             0.0000000000
          237.0314738059             0.0032013249             0.2722113750             0.0000000000
          238.1714738059             0.0031709256             0.2688916615             0.0000000000
          239.3114738059             0.0031409565             0.2656216172             0.0000000000
          240.4514738059             0.0031114094             0.2624003786             0.0000000000
          241.5914738059             0.0030822765             0.2592297849             0.0000000000
          242.7314738059             0.0030535502             0.2561116701             0.0000000001
          243.8714738059             0.0030252229             0.2530396335             0.0000000001
          245.0114738059             0.0029972872             0.2500128829             0.0000000002
          246.1514738059             0.0029697360             0.2470351146             0.0000000003
          247.2914738059             0.0029425623             0.2441040572             0.0000000004
          248.4314738059             0.0029157592             0.2412157825             0.0000000007
          249.5714738059             0.0028893200             0.2383695631             0.0000000010
          250.7114738059             0.0028632382             0.2355706833             0.0000000016
          251.8514738059             0.0028375074             0.2328133364             0.0000000024
          252.9914738059             0.0028121213             0.2300957454             0.0000000037
          254.1314738059             0.0027870738             0.2274179589             0.0000000056
          255.2714738059             0.0027623590             0.2247844610             0.0000000085
          256.4114738059             0.0027379708             0.2221885635             0.0000000128
          257.5514738059             0.0027139037             0.2196296396             0.0000000190
          258.6914738059             0.0026901521             0.2171093580             0.0000000283
          259.8314738059             0.0026667104             0.2146286465             0.0000000418
          260.9714738059             0.0026435733             0.2121829256             0.0000000614
          262.1114738059             0.0026207355             0.2097716183             0.0000000897
          263.2514738059             0.0025981919             0.2073977922             0.0000001304
          264.3914738059             0.0025759376             0.2050592868             0.0000001885
          265.5314738059             0.0025539675             0.2027533694             0.0000002711
          266.6714738059             0.0025322768             0.2004795084             0.0000003878
          267.8114738059             0.0025108609             0.1982419748             0.0000005518
          268.9514738059             0.0024897152             0.1960359336             0.0000007808
          270.0914738059             0.0024688350             0.1938602667             0.0000010990
          271.2314738059             0.0024482161             0.1917152350             0.0000015388
          272.3714738059             0.0024278540             0.1896038872             0.0000021430
          273.5114738059             0.0024077445             0.1875213329             0.0000029686
          274.6514738059             0.0023878834             0.1854671116             0.0000040904
          275.7914738059             0.0023682668             0.1834427129             0.0000056063
          276.9314738059             0.0023488906             0.1814484916             0.0000076435
          278.0714738059             0.0023297508             0.1794811447             0.0000103658
          279.2114738059             0.0023108437             0.1775402470             0.0000139835
          280.3514738059             0.0022921656             0.1756283546             0.0000187646
          281.4914738059             0.0022737127             0.1737434709             0.0000250479
          282.6314738059             0.0022554814             0.1718836894             0.0000332598
          283.7714738059             0.0022374682             0.1700486172             0.0000439326
          284.9114738059             0.0022196697             0.1682417330             0.0000577269
          286.0514738059             0.0022020824             0.1664589931             0.0000754566
          287.1914738059             0.0021847031             0.1646997176             0.0000981180
          288.3314738059             0.0021675284             0.1629642807             0.0001269223
          289.4714738059             0.0021505552             0.1612547438             0.0001633314
          290.6114738059             0.0021337804             0.1595674986             0.0002090978
          291.7514738059             0.0021172008             0.1579022030             0.0002663072
          292.8914738059             0.0021008134             0.1562601736             0.0003374237
          294.0314738059             0.0020846153             0.1546414080             0.0004253376
          295.1714738059             0.0020686037             0.1530435066             0.0005334134
          296.3114738059             0.0020527755             0.1514661527             0.0006655377
          297.4514738059             0.0020371282             0.1499114853             0.0008261653
          298.5914738059             0.0020216588             0.1483776915             0.0010203618
          299.7314738059             0.0020063648             0.1468634398             0.0012538398
          300.8714738059             0.0019912434             0.1453684368             0.0015329876
          302.0114738059             0.0019762922             0.1438955372             0.0018648865
          303.1514738059             0.0019615085             0.1424413430             0.0022573154
          304.2914738059             0.0019468899             0.1410054657             0.0027187389
          305.4314738059             0.0019324340             0.1395883317             0.0032582767
          306.5714738059             0.0019181382             0.1381913200             0.0038856521
          307.7114738059             0.0019040004             0.1368117455             0.0046111175
          308.8514738059             0.0018900181             0.1354493513             0.0054453543
          309.9914738059             0.0018761890             0.1341052952             0.0063993480
          311.1314738059             0.0018625111             0.1327793566             0.0074842367
          312.2714738059             0.0018489820             0.1314697820             0.0087111345
          313.4114738059             0.0018355996             0.1301763326             0.0100909311
          314.5514738059             0.0018223618             0.1289008074             0.0116340708
          315.6914738059             0.0018092665             0.1276415766             0.0133503143
          316.8314738059             0.0017963118             0.1263977127             0.0152484887
          317.9714738059             0.0017834955             0.1251690088             0.0173362306
          319.1114738059             0.0017708158             0.1239577804             0.0196197305
          320.2514738059             0.0017582707             0.1227612021             0.0221034852
          321.3914738059             0.0017458583             0.1215790642             0.0247900659
          322.5314738059             0.0017335767             0.1204118086             0.0276799111
          323.6714738059             0.0017214241             0.1192603395             0.0307711516
          324.8114738059             0.0017093987             0.1181226440             0.0340594749
          325.9514738059             0.0016974988             0.1169985272             0.0375380366
          327.0914738059             0.0016857226             0.1158890039             0.0411974242
          328.2314738059             0.0016740684             0.1147937266             0.0450256773
          329.3714738059             0.0016625345             0.1137114073             0.0490083659
          330.5114738059             0.0016511192             0.1126418645             0.0531287299
          331.6514738059             0.0016398211             0.1115866181             0.0573678751
          332.7914738059             0.0016286383             0.1105442121             0.0617050260
          333.9314738059             0.0016175695             0.1095140045             0.0661178261
          335.0714738059             0.0016066130             0.1084959195             0.0705826825
          336.2114738059             0.0015957674             0.1074916411             0.0750751426
          337.3514738059             0.0015850311             0.1064990137             0.0795702955
          338.4914738059             0.0015744027             0.1055178768             0.0840431854
          339.6314738059             0.0015638808             0.1045486661             0.0884692266
          340.7714738059             0.0015534638             0.1035919546             0.0928246082
          341.9114738059             0.0015431505             0.1026462231             0.0970866770
          343.0514738059             0.0015329395             0.1017113222             0.1012342898
          344.1914738059             0.0015228294             0.1007881408             0.1052481244
          345.3314738059             0.0015128189             0.0998762627             0.1091109422
          346.4714738059             0.0015029067             0.0989747386             0.1128077979
          347.6114738059             0.0014930916             0.0980834291             0.1163261901
          348.7514738059             0.0014833721             0.0972036247             0.1196561541
          349.8914738059             0.0014737472             0.0963340291             0.1227902934
          351.0314738059             0.0014642156             0.0954742032             0.1257237562
          352.1714738059             0.0014547761             0.0946241567             0.1284541567
          353.3114738059             0.0014454274             0.0937851144             0.1309814499
          354.4514738059             0.0014361686             0.0929554194             0.1333077644
          355.5914738059             0.0014269983             0.0921349478             0.1354372010
          356.7314738059             0.0014179155             0.0913241156             0.1373756058
          357.8714738059             0.0014089191             0.0905232616             0.1391303257
          359.0114738059             0.0014000080             0.0897312233             0.1407099528
          360.1514738059             0.0013911810             0.0889478560             0.1421240683
          361.2914738059             0.0013824372             0.0881738180             0.1433829899
          362.4314738059             0.0013737755             0.0874083295             0.1444975307
          363.5714738059             0.0013651950             0.0866499893             0.1454787741
          364.7114738059             0.0013566944             0.0858973947             0.1463378689
          365.8514738059             0.0013482730             0.0851488985             0.1470858471
          366.9914738059             0.0013399297             0.0844019209             0.1477334670
          368.1314738059             0.0013316635             0.0836552834             0.1482910827
          369.2714738059             0.0013234735             0.0829086269             0.1487685387
          370.4114738059             0.0013153588             0.0821622049             0.1491750898
          371.5514738059             0.0013073184             0.0814165350             0.1495193449
          372.6914738059             0.0012993515             0.0806722339             0.1498092323
          373.8314738059             0.0012914571             0.0799301505             0.1500519836
          374.9714738059             0.0012836344             0.0791912054             0.1502541353
          376.1114738059             0.0012758825             0.0784558116             0.1504215435
          377.2514738059             0.0012682005             0.0777245799             0.1505594103
          378.3914738059             0.0012605877             0.0769986639             0.1506723186
          379.5314738059             0.0012530431             0.0762784186             0.1507642737
          380.6714738059             0.0012455661             0.0755639743             0.1508387484
          381.8114738059             0.0012381557             0.0748557038             0.1508987311
          382.9514738059             0.0012308112             0.0741549897             0.1509467737
          384.0914738059             0.0012235318             0.0734612076             0.1509850394
          385.2314738059             0.0012163168             0.0727744486             0.1510153488
          386.3714738059             0.0012091653             0.0720950807             0.1510392229
          387.5114738059             0.0012020767             0.0714240968             0.1510579238
          388.6514738059             0.0011950502             0.0707605217             0.1510724912
          389.7914738059             0.0011880851             0.0701044047             0.1510837757
          390.9314738059             0.0011811806             0.0694563240             0.1510924686
          392.0714738059             0.0011743361             0.0688164802             0.1510991280
          393.2114738059             0.0011675509             0.0681841030             0.1511042013
          394.3514738059             0.0011608243             0.0675591596             0.1511080447
          395.4914738059             0.0011541556             0.0669424784             0.1511109403
          396.6314738059             0.0011475442             0.0663335202             0.1511131097
          397.7714738059             0.0011409894             0.0657318127             0.1511147261
          398.9114738059             0.0011344905             0.0651372842             0.1511159236
          400.0514738059             0.0011280470             0.0645510120             0.1511168060
          401.1914738059             0.0011216582             0.0639718059             0.1511174525
          402.3314738059             0.0011153235             0.0633995112             0.1511179236
          403.4714738059             0.0011090422             0.0628342790             0.1511182650
          404.6114738059             0.0011028138             0.0622766992             0.1511185110
          405.7514738059             0.0010966377             0.0617257378             0.1511186872
          406.8914738059             0.0010905134             0.0611813041             0.1511188128
          408.0314738059             0.0010844401             0.0606438188             0.1511189018
          409.1714738059             0.0010784174             0.0601132523             0.1511189646
          410.3114738059             0.0010724447             0.0595889146             0.1511190085
          411.4514738059             0.0010665215             0.0590707157             0.1511190392
          412.5914738059             0.0010606471             0.0585593175             0.1511190604
          413.7314738059             0.0010548212             0.0580541461             0.1511190751
          414.8714738059             0.0010490430             0.0575548240             0.1511190851
          416.0114738059             0.0010433122             0.0570612654             0.1511190919
          417.1514738059             0.0010376282             0.0565743442             0.1511190966
          418.2914738059             0.0010319905             0.0560930111             0.1511190997
          419.4314738059             0.0010263986             0.0556171677             0.1511191018
          420.5714738059             0.0010208520             0.0551469590             0.1511191032
          421.7114738059             0.0010153502             0.0546827680             0.1511191041
          422.8514738059             0.0010098927             0.0542238069             0.1511191047
          423.9914738059             0.0010044791             0.0537699996             0.1511191051
          425.1314738059             0.0009991088             0.0533217093             0.1511191054
          426.2714738059             0.0009937815             0.0528788415             0.1511191055
          427.4114738059             0.0009884967             0.0524408859             0.1511191056
          428.5514738059             0.0009832539             0.0520077721             0.1511191057
          429.6914738059             0.0009780527             0.0515800555             0.1511191058
          430.8314738059             0.0009728926             0.0511572202             0.1511191058
          431.9714738059             0.0009677732             0.0507390029             0.1511191058
          433.1114738059             0.0009626940             0.0503253560             0.1511191058
          434.2514738059             0.0009576548             0.0499169509             0.1511191058
          435.3914738059             0.0009526550             0.0495129529             0.1511191058
          436.5314738059             0.0009476942             0.0491133008             0.1511191058
          437.6714738059             0.0009427720             0.0487181415             0.1511191058
          438.8114738059             0.0009378881             0.0483277246             0.1511191058
          439.9514738059             0.0009330420             0.0479414582             0.1511191058
          441.0914738059             0.0009282333             0.0475592855             0.1511191058
          442.2314738059             0.0009234617             0.0471815264             0.1511191058
          443.3714738059             0.0009187268             0.0468080549             0.1511191058
          444.5114738059             0.0009140282             0.0464384963             0.1511191058
          445.6514738059             0.0009093655             0.0460727978             0.1511191058
          446.7914738059             0.0009047384             0.0457114325             0.1511191058
          447.9314738059             0.0009001465             0.0453539404             0.1511191058
          449.0714738059             0.0008955894             0.0450001408             0.1511191058
          450.2114738059             0.0008910669             0.0446500237             0.1511191058
          451.3514738059             0.0008865785             0.0443040808             0.1511191058
          452.4914738059             0.0008821239             0.0439616722             0.1511191058
          453.6314738059             0.0008777027             0.0436227515             0.1511191058
          454.7714738059             0.0008733147             0.0432874636             0.1511191058
          455.9114738059             0.0008689596             0.0429559656             0.1511191058
          457.0514738059             0.0008646369             0.0426278084             0.1511191058
          458.1914738059             0.0008603463             0.0423029489             0.1511191058
          459.3314738059             0.0008560876             0.0419816705             0.1511191058
          460.4714738059             0.0008518605             0.0416638301             0.1511191058
