# Energy loss (meV)	Quasi-elastic (arb. units)	Magnetic excitations (arb. units)	dd excitations (arb. units)
         -227.2186243643             0.0067110314             0.0020285437             0.0000000000
         -226.0786243643             0.0067784568             0.0020593596             0.0000000000
         -224.9386243643             0.0068469012             0.0020902856             0.0000000000
         -223.7986243643             0.0069163854             0.0021213229             0.0000000000
         -222.6586243643             0.0069869303             0.0021524783             0.0000000000
         -221.5186243643             0.0070585576             0.0021837624             0.0000000000
         -220.3786243643             0.0071312897             0.0022151628             0.0000000000
         -219.2386243643             0.0072051491             0.0022466814             0.0000000000
         -218.0986243643             0.0072801594             0.0022783324             0.0000000000
         -216.9586243643             0.0073563444             0.0023101160             0.0000000000
         -215.8186243643             0.0074337288             0.0023420255             0.0000000000
         -214.6786243643             0.0075123378             0.0023740637             0.0000000000
         -213.5386243643             0.0075921974             0.0024062533             0.0000000000
         -212.3986243643             0.0076733342             0.0024385821             0.0000000000
         -211.2586243643             0.0077557754             0.0024710498             0.0000000000
         -210.1186243643             0.0078395491             0.0025036631             0.0000000000
         -208.9786243643             0.0079246841             0.0025364454             0.0000000000
         -207.8386243643             0.0080112099             0.0025693785             0.0000000000
         -206.6986243643             0.0080991571             0.0026024666             0.0000000000
         -205.5586243643             0.0081885567             0.0026357254             0.0000000000
         -204.4186243643             0.0082794409             0.0026691654             0.0000000000
         -203.2786243643             0.0083718427             0.0027027746             0.0000000000
         -202.1386243643             0.0084657958             0.0027365575             0.0000000000
         -200.9986243643             0.0085613352             0.0027705409             0.0000000000
         -199.8586243643             0.0086584967             0.0028047191             0.0000000000
         -198.7186243643             0.0087573171             0.0028390874             0.0000000000
         -197.5786243643             0.0088578342             0.0028736508             0.0000000000
         -196.4386243643             0.0089600870             0.0029084498             0.0000000000
         -195.2986243643             0.0090641156             0.0029434577             0.0000000000
         -194.1586243643             0.0091699612             0.0029786790             0.0000000000
         -193.0186243643             0.0092776664             0.0030141294             0.0000000000
         -191.8786243643             0.0093872747             0.0030498359             0.0000000000
         -190.7386243643             0.0094988311             0.0030857754             0.0000000000
         -189.5986243643             0.0096123819             0.0031219544             0.0000000000
         -188.4586243643             0.0097279748             0.0031584025             0.0000000000
         -187.3186243643             0.0098456590             0.0031951252             0.0000000000
         -186.1786243643             0.0099654850             0.0032321089             0.0000000000
         -185.0386243643             0.0100875049             0.0032693603             0.0000000000
         -183.8986243643             0.0102117724             0.0033069264             0.0000000000
         -182.7586243643             0.0103383429             0.0033447857             0.0000000000
         -181.6186243643             0.0104672735             0.0033829362             0.0000000000
         -180.4786243643             0.0105986231             0.0034213903             0.0000000000
         -179.3386243643             0.0107324522             0.0034602007             0.0000000000
         -178.1986243643             0.0108688236             0.0034993274             0.0000000000
         -177.0586243643             0.0110078017             0.0035387783             0.0000000000
         -175.9186243643             0.0111494532             0.0035785837             0.0000000000
         -174.7786243643             0.0112938468             0.0036187686             0.0000000000
         -173.6386243643             0.0114410536             0.0036593049             0.0000000000
         -172.4986243643             0.0115911468             0.0037002010             0.0000000000
         -171.3586243643             0.0117442021             0.0037415091             0.0000000000
         -170.2186243643             0.0119002977             0.0037832197             0.0000000000
         -169.0786243643             0.0120595143             0.0038253196             0.0000000000
         -167.9386243643             0.0122219353             0.0038678181             0.0000000000
         -166.7986243643             0.0123876470             0.0039107931             0.0000000000
         -165.6586243643             0.0125567385             0.0039541934             0.0000000000
         -164.5186243643             0.0127293020             0.0039980242             0.0000000000
         -163.3786243643             0.0129054327             0.0040423128             0.0000000000
         -162.2386243643             0.0130852294             0.0040871162             0.0000000000
         -161.0986243643             0.0132687939             0.0041323843             0.0000000000
         -159.9586243643             0.0134562319             0.0041781277             0.0000000000
         -158.8186243643             0.0136476527             0.0042244010             0.0000000000
         -157.6786243643             0.0138431693             0.0042712183             0.0000000000
         -156.5386243643             0.0140428990             0.0043185482             0.0000000000
         -155.3986243643             0.0142469631             0.0043664024             0.0000000000
         -154.2586243643             0.0144554874             0.0044148677             0.0000000000
         -153.1186243643             0.0146686021             0.0044639063             0.0000000000
         -151.9786243643             0.0148864424             0.0045135098             0.0000000000
         -150.8386243643             0.0151091484             0.0045636975             0.0000000000
         -149.6986243643             0.0153368652             0.0046145758             0.0000000000
         -148.5586243643             0.0155697437             0.0046660627             0.0000000000
         -147.4186243643             0.0158079402             0.0047181721             0.0000000000
         -146.2786243643             0.0160516171             0.0047709570             0.0000000000
         -145.1386243643             0.0163009428             0.0048244713             0.0000000000
         -143.9986243643             0.0165560924             0.0048786561             0.0000000000
         -142.8586243643             0.0168172477             0.0049335266             0.0000000000
         -141.7186243643             0.0170845977             0.0049891768             0.0000000000
         -140.5786243643             0.0173583387             0.0050455958             0.0000000000
         -139.4386243643             0.0176386749             0.0051027537             0.0000000000
         -138.2986243643             0.0179258186             0.0051606673             0.0000000000
         -137.1586243643             0.0182199909             0.0052194790             0.0000000000
         -136.0186243643             0.0185214214             0.0052791000             0.0000000000
         -134.8786243643             0.0188303497             0.0053395356             0.0000000000
         -133.7386243643             0.0191470247             0.0054008323             0.0000000000
         -132.5986243643             0.0194717062             0.0054631072             0.0000000000
         -131.4586243643             0.0198046645             0.0055262605             0.0000000000
         -130.3186243643             0.0201461816             0.0055903128             0.0000000000
         -129.1786243643             0.0204965513             0.0056553619             0.0000000000
         -128.0386243643             0.0208560803             0.0057214455             0.0000000000
         -126.8986243643             0.0212250883             0.0057884995             0.0000000000
         -125.7586243643             0.0216039092             0.0058565468             0.0000000000
         -124.6186243643             0.0219928915             0.0059257471             0.0000000000
         -123.4786243643             0.0223923992             0.0059960410             0.0000000000
         -122.3386243643             0.0228028128             0.0060674083             0.0000000000
         -121.1986243643             0.0232245297             0.0061398805             0.0000000000
         -120.0586243643             0.0236579657             0.0062136746             0.0000000000
         -118.9186243643             0.0241035556             0.0062886300             0.0000000000
         -117.7786243643             0.0245617545             0.0063647751             0.0000000000
         -116.6386243643             0.0250330386             0.0064422066             0.0000000000
         -115.4986243643             0.0255179069             0.0065210441             0.0000000000
         -114.3586243643             0.0260168819             0.0066011706             0.0000000000
         -113.2186243643             0.0265305114             0.0066826182             0.0000000000
         -112.0786243643             0.0270593699             0.0067655636             0.0000000000
         -110.9386243643             0.0276040599             0.0068500051             0.0000000000
         -109.7986243643             0.0281652138             0.0069358807             0.0000000000
         -108.6586243643             0.0287434954             0.0070232270             0.0000000000
         -107.5186243643             0.0293396023             0.0071123175             0.0000000000
         -106.3786243643             0.0299542672             0.0072030013             0.0000000000
         -105.2386243643             0.0305882609             0.0072952849             0.0000000000
         -104.0986243643             0.0312423937             0.0073892551             0.0000000000
         -102.9586243643             0.0319175189             0.0074851684             0.0000000000
         -101.8186243643             0.0326145346             0.0075828248             0.0000000000
         -100.6786243643             0.0333343870             0.0076822710             0.0000000000
          -99.5386243643             0.0340780734             0.0077836988             0.0000000000
          -98.3986243643             0.0348466457             0.0078872127             0.0000000000
          -97.2586243643             0.0356412138             0.0079926818             0.0000000000
          -96.1186243643             0.0364629493             0.0081001601             0.0000000000
          -94.9786243643             0.0373130904             0.0082099688             0.0000000000
          -93.8386243643             0.0381929456             0.0083220213             0.0000000000
          -92.6986243643             0.0391038997             0.0084362748             0.0000000000
          -91.5586243643             0.0400474185             0.0085527918             0.0000000000
          -90.4186243643             0.0410250553             0.0086720545             0.0000000000
          -89.2786243643             0.0420384578             0.0087937354             0.0000000000
          -88.1386243643             0.0430893759             0.0089179036             0.0000000000
          -86.9986243643             0.0441796700             0.0090447605             0.0000000000
          -85.8586243643             0.0453113216             0.0091746036             0.0000000000
          -84.7186243643             0.0464864453             0.0093071868             0.0000000000
          -83.5786243643             0.0477073021             0.0094425933             0.0000000000
          -82.4386243643             0.0489763174             0.0095812028             0.0000000000
          -81.2986243643             0.0502961007             0.0097230657             0.0000000000
          -80.1586243643             0.0516694717             0.0098680506             0.0000000000
          -79.0186243643             0.0530994919             0.0100162560             0.0000000000
          -77.8786243643             0.0545895045             0.0101682884             0.0000000000
          -76.7386243643             0.0561431854             0.0103238778             0.0000000000
          -75.5986243643             0.0577646075             0.0104830435             0.0000000000
          -74.4586243643             0.0594583234             0.0106459844             0.0000000000
          -73.3186243643             0.0612294708             0.0108133542             0.0000000000
          -72.1786243643             0.0630839070             0.0109847108             0.0000000000
          -71.0386243643             0.0650283804             0.0111601912             0.0000000000
          -69.8986243643             0.0670707486             0.0113402502             0.0000000000
          -68.7586243643             0.0692202542             0.0115252246             0.0000000000
          -67.6186243643             0.0714878717             0.0117148258             0.0000000000
          -66.4786243643             0.0738867419             0.0119092242             0.0000000000
          -65.3386243643             0.0764327117             0.0121092177             0.0000000000
          -64.1986243643             0.0791450004             0.0123147175             0.0000000000
          -63.0586243643             0.0820470155             0.0125256532             0.0000000000
          -61.9186243643             0.0851673443             0.0127422467             0.0000000000
          -60.7786243643             0.0885409468             0.0129657732             0.0000000000
          -59.6386243643             0.0922105796             0.0131955724             0.0000000000
          -58.4986243643             0.0962284774             0.0134318937             0.0000000000
          -57.3586243643             0.1006583172             0.0136753593             0.0000000000
          -56.2186243643             0.1055774901             0.0139270276             0.0000000000
          -55.0786243643             0.1110796924             0.0141863797             0.0000000000
          -53.9386243643             0.1172778475             0.0144538546             0.0000000000
          -52.7986243643             0.1243073498             0.0147307900             0.0000000000
          -51.6586243643             0.1323296108             0.0150177973             0.0000000000
          -50.5186243643             0.1415358676             0.0153148090             0.0000000000
          -49.3786243643             0.1521511867             0.0156225709             0.0000000000
          -48.2386243643             0.1644385743             0.0159437124             0.0000000000
          -47.0986243643             0.1787030679             0.0162781546             0.0000000000
          -45.9586243643             0.1952956565             0.0166266804             0.0000000000
          -44.8186243643             0.2146168365             0.0169909111             0.0000000000
          -43.6786243643             0.2371195820             0.0173751804             0.0000000000
          -42.5386243643             0.2633114716             0.0177788564             0.0000000000
          -41.3986243643             0.2937556904             0.0182041167             0.0000000000
          -40.2586243643             0.3290706013             0.0186552193             0.0000000000
          -39.1186243643             0.3699275748             0.0191369464             0.0000000000
          -37.9786243643             0.4170467654             0.0196500210             0.0000000000
          -36.8386243643             0.4711905417             0.0201983733             0.0000000000
          -35.6986243643             0.5331543162             0.0207915932             0.0000000000
          -34.5586243643             0.6037545736             0.0214337710             0.0000000000
          -33.4186243643             0.6838139744             0.0221283925             0.0000000000
          -32.2786243643             0.7741435071             0.0228821604             0.0000000000
          -31.1386243643             0.8755217763             0.0237147930             0.0000000000
          -29.9986243643             0.9886716444             0.0246259558             0.0000000000
          -28.8586243643             1.1142345817             0.0256244416             0.0000000000
          -27.7186243643             1.2527432253             0.0267249492             0.0000000000
          -26.5786243643             1.4045927806             0.0279525074             0.0000000000
          -25.4386243643             1.5700120227             0.0293062891             0.0000000000
          -24.2986243643             1.7490347520             0.0308004260             0.0000000000
          -23.1586243643             1.9414726171             0.0324650874             0.0000000000
          -22.0186243643             2.1468902382             0.0343208336             0.0000000000
          -20.8786243643             2.3645835252             0.0363713620             0.0000000000
          -19.7386243643             2.5935620022             0.0386354613             0.0000000000
          -18.5986243643             2.8325358099             0.0411673737             0.0000000000
          -17.4586243643             3.0799078928             0.0439688905             0.0000000000
          -16.3186243643             3.3337717018             0.0470523374             0.0000000000
          -15.1786243643             3.5919146067             0.0504432018             0.0000000000
          -14.0386243643             3.8518271731             0.0542190619             0.0000000000
          -12.8986243643             4.1107185823             0.0583516908             0.0000000000
          -11.7586243643             4.3655388317             0.0628641609             0.0000000000
          -10.6186243643             4.6130089825             0.0678045516             0.0000000000
           -9.4786243643             4.8496615839             0.0732239993             0.0000000000
           -8.3386243643             5.0718943399             0.0790966516             0.0000000000
           -7.1986243643             5.2760407388             0.0854429702             0.0000000000
           -6.0586243643             5.4584612210             0.0923374409             0.0000000000
           -4.9186243643             5.6156568915             0.0997803588             0.0000000000
           -3.7786243643             5.7444043561             0.1077536528             0.0000000000
           -2.6386243643             5.8419050488             0.1162702689             0.0000000000
           -1.4986243643             5.9059363979             0.1254292019             0.0000000000
           -0.3586243643             5.9349871800             0.1351615053             0.0000000000
            0.7813756357             5.9283576812             0.1454616913             0.0000000000
            1.9213756357             5.8862083679             0.1563491382             0.0000000000
            3.0613756357             5.8095485951             0.1678850660             0.0000000000
            4.2013756357             5.7001673483             0.1799825324             0.0000000000
            5.3413756357             5.5605178535             0.1926334507             0.0000000000
            6.4813756357             5.3935740959             0.2058697815             0.0000000000
            7.6213756357             5.2026784954             0.2196820764             0.0000000000
            8.7613756357             4.9913967975             0.2340032869             0.0000000000
            9.9013756357             4.7633906071             0.2488152820             0.0000000000
           11.0413756357             4.5223120954             0.2641565476             0.0000000000
           12.1813756357             4.2717208044             0.2799618872             0.0000000000
           13.3213756357             4.0150197566             0.2961874722             0.0000000000
           14.4613756357             3.7554071093             0.3128111898             0.0000000000
           15.6013756357             3.4958398141             0.3298664215             0.0000000000
           16.7413756357             3.2390065512             0.3472619409             0.0000000000
           17.8813756357             2.9873081524             0.3649729111             0.0000000000
           19.0213756357             2.7428445081             0.3829886336             0.0000000000
           20.1613756357             2.5074074872             0.4012978820             0.0000000000
           21.3013756357             2.2824796587             0.4198421322             0.0000000000
           22.4413756357             2.0692386636             0.4385979770             0.0000000000
           23.5813756357             1.8685669977             0.4575596061             0.0000000000
           24.7213756357             1.6810668122             0.4766949740             0.0000000000
           25.8613756357             1.5070791619             0.4959697958             0.0000000000
           27.0013756357             1.3467069719             0.5153639315             0.0000000000
           28.1413756357             1.1998408750             0.5348703903             0.0000000000
           29.2813756357             1.0661870043             0.5544553844             0.0000000000
           30.4213756357             0.9452958108             0.5740993434             0.0000000000
           31.5613756357             0.8365910084             0.5937863731             0.0000000000
           32.7013756357             0.7393978257             0.6135011618             0.0000000000
           33.8413756357             0.6529698498             0.6332232422             0.0000000000
           34.9813756357             0.5765138767             0.6529384320             0.0000000000
           36.1213756357             0.5092123227             0.6726305219             0.0000000000
           37.2613756357             0.4502428922             0.6922828929             0.0000000000
           38.4013756357             0.3987953345             0.7118854375             0.0000000000
           39.5413756357             0.3540852472             0.7314260669             0.0000000000
           40.6813756357             0.3153649900             0.7508823664             0.0000000000
           41.8213756357             0.2819318639             0.7702462733             0.0000000000
           42.9613756357             0.2531337788             0.7895104101             0.0000000000
           44.1013756357             0.2283726800             0.8086637064             0.0000000000
           45.2413756357             0.2071060364             0.8276721869             0.0000000000
           46.3813756357             0.1888467017             0.8465445659             0.0000000000
           47.5213756357             0.1731614614             0.8652701758             0.0000000000
           48.6613756357             0.1596685611             0.8838300776             0.0000000000
           49.8013756357             0.1480344911             0.9021978650             0.0000000000
           50.9413756357             0.1379702705             0.9203830149             0.0000000000
           52.0813756357             0.1292274441             0.9383745570             0.0000000000
           53.2213756357             0.1215939664             0.9561404940             0.0000000000
           54.3613756357             0.1148901191             0.9736712412             0.0000000000
           55.5013756357             0.1089645702             0.9909717701             0.0000000000
           56.6413756357             0.1036906567             1.0080308521             0.0000000000
           57.7813756357             0.0989629466             1.0247986166             0.0000000000
           58.9213756357             0.0946941134             1.0412916320             0.0000000000
           60.0613756357             0.0908121367             1.0575059053             0.0000000000
           61.2013756357             0.0872578309             1.0734239448             0.0000000000
           62.3413756357             0.0839826896             1.0889919064             0.0000000000
           63.4813756357             0.0809470293             1.1042438493             0.0000000000
           64.6213756357             0.0781184064             1.1191685820             0.0000000000
           65.7613756357             0.0754702823             1.1337306671             0.0000000000
           66.9013756357             0.0729809083             1.1479042899             0.0000000000
           68.0413756357             0.0706324024             1.1617145966             0.0000000000
           69.1813756357             0.0684099919             1.1751509804             0.0000000000
           70.3213756357             0.0663013960             1.1881561773             0.0000000000
           71.4613756357             0.0642963282             1.2007421872             0.0000000000
           72.6013756357             0.0623860960             1.2129209211             0.0000000000
           73.7413756357             0.0605632817             1.2246828605             0.0000000000
           74.8813756357             0.0588214902             1.2359458344             0.0000000000
           76.0213756357             0.0571551488             1.2467684154             0.0000000000
           77.1613756357             0.0555593510             1.2571452969             0.0000000000
           78.3013756357             0.0540297329             1.2670491156             0.0000000000
           79.4413756357             0.0525623774             1.2764292018             0.0000000000
           80.5813756357             0.0511537387             1.2853392018             0.0000000000
           81.7213756357             0.0498005834             1.2937727502             0.0000000000
           82.8613756357             0.0484999437             1.3016794585             0.0000000000
           84.0013756357             0.0472490813             1.3090566390             0.0000000000
           85.1413756357             0.0460454577             1.3159401501             0.0000000000
           86.2813756357             0.0448867106             1.3223259831             0.0000000000
           87.4213756357             0.0437706351             1.3281399435             0.0000000000
           88.5613756357             0.0426951674             1.3334319984             0.0000000000
           89.7013756357             0.0416583723             1.3382174390             0.0000000000
           90.8413756357             0.0406584315             1.3424874050             0.0000000000
           91.9813756357             0.0396936338             1.3461671117             0.0000000000
           93.1213756357             0.0387623676             1.3493380825             0.0000000000
           94.2613756357             0.0378631126             1.3520010559             0.0000000000
           95.4013756357             0.0369944337             1.3541251875             0.0000000000
           96.5413756357             0.0361549752             1.3556892284             0.0000000000
           97.6813756357             0.0353434551             1.3567522275             0.0000000000
           98.8213756357             0.0345586605             1.3573176506             0.0000000000
           99.9613756357             0.0337994430             1.3573343499             0.0000000000
          101.1013756357             0.0330647148             1.3568332780             0.0000000000
          102.2413756357             0.0323534446             1.3558503673             0.0000000000
          103.3813756357             0.0316646544             1.3543916413             0.0000000000
          104.5213756357             0.0309974162             1.3523887321             0.0000000000
          105.6613756357             0.0303508489             1.3499199853             0.0000000000
          106.8013756357             0.0297241153             1.3469991315             0.0000000000
          107.9413756357             0.0291164202             1.3436186072             0.0000000000
          109.0813756357             0.0285270071             1.3397445432             0.0000000000
          110.2213756357             0.0279551566             1.3354473651             0.0000000000
          111.3613756357             0.0274001839             1.3307367816             0.0000000000
          112.5013756357             0.0268614369             1.3255892997             0.0000000000
          113.6413756357             0.0263382945             1.3200163149             0.0000000000
          114.7813756357             0.0258301650             1.3140644730             0.0000000000
          115.9213756357             0.0253364838             1.3077449133             0.0000000000
          117.0613756357             0.0248567126             1.3010226216             0.0000000000
          118.2013756357             0.0243903379             1.2939449374             0.0000000000
          119.3413756357             0.0239368693             1.2865379407             0.0000000000
          120.4813756357             0.0234958385             1.2788109194             0.0000000000
          121.6213756357             0.0230667980             1.2707304300             0.0000000000
          122.7613756357             0.0226493202             1.2623607998             0.0000000000
          123.9013756357             0.0222429964             1.2537144067             0.0000000000
          125.0413756357             0.0218474353             1.2447890729             0.0000000000
          126.1813756357             0.0214622628             1.2355850638             0.0000000000
          127.3213756357             0.0210871208             1.2261452679             0.0000000000
          128.4613756357             0.0207216661             1.2164820636             0.0000000000
          129.6013756357             0.0203655703             1.2065864864             0.0000000000
          130.7413756357             0.0200185185             1.1964815911             0.0000000000
          131.8813756357             0.0196802089             1.1861935290             0.0000000000
          133.0213756357             0.0193503522             1.1757342488             0.0000000000
          134.1613756357             0.0190286708             1.1650924426             0.0000000000
          135.3013756357             0.0187148982             1.1543033770             0.0000000000
          136.4413756357             0.0184087789             1.1433813110             0.0000000000
          137.5813756357             0.0181100674             1.1323340390             0.0000000000
          138.7213756357             0.0178185279             1.1211619965             0.0000000000
          139.8613756357             0.0175339339             1.1098929330             0.0000000000
          141.0013756357             0.0172560678             1.0985372440             0.0000000000
          142.1413756357             0.0169847202             1.0870998091             0.0000000000
          143.2813756357             0.0167196899             1.0755916165             0.0000000000
          144.4213756357             0.0164607833             1.0640292127             0.0000000000
          145.5613756357             0.0162078143             1.0524218329             0.0000000000
          146.7013756357             0.0159606034             1.0407749423             0.0000000000
          147.8413756357             0.0157189782             1.0291016322             0.0000000000
          148.9813756357             0.0154827724             1.0174117430             0.0000000000
          150.1213756357             0.0152518260             1.0057132556             0.0000000000
          151.2613756357             0.0150259846             0.9940150098             0.0000000000
          152.4013756357             0.0148050997             0.9823253665             0.0000000000
          153.5413756357             0.0145890279             0.9706513200             0.0000000000
          154.6813756357             0.0143776309             0.9590011212             0.0000000000
          155.8213756357             0.0141707756             0.9473844171             0.0000000000
          156.9613756357             0.0139683333             0.9358043018             0.0000000000
          158.1013756357             0.0137701799             0.9242665206             0.0000000000
          159.2413756357             0.0135761956             0.9127819694             0.0000000000
          160.3813756357             0.0133862648             0.9013554750             0.0000000000
          161.5213756357             0.0132002757             0.8899882898             0.0000000000
          162.6613756357             0.0130181205             0.8786849840             0.0000000000
          163.8013756357             0.0128396950             0.8674607928             0.0000000000
          164.9413756357             0.0126648985             0.8563116566             0.0000000000
          166.0813756357             0.0124936335             0.8452396602             0.0000000000
          167.2213756357             0.0123258059             0.8342504308             0.0000000000
          168.3613756357             0.0121613248             0.8233582496             0.0000000000
          169.5013756357             0.0120001020             0.8125538781             0.0000000000
          170.6413756357             0.0118420524             0.8018400754             0.0000000000
          171.7813756357             0.0116870935             0.7912265125             0.0000000000
          172.9213756357             0.0115351456             0.7807185006             0.0000000001
          174.0613756357             0.0113861315             0.7703087186             0.0000000001
          175.2013756357             0.0112399763             0.7599990800             0.0000000001
          176.3413756357             0.0110966077             0.7498041123             0.0000000002
          177.4813756357             0.0109559555             0.7397182681             0.0000000004
          178.6213756357             0.0108179518             0.7297376515             0.0000000006
          179.7613756357             0.0106825306             0.7198634605             0.0000000009
          180.9013756357             0.0105496282             0.7101154662             0.0000000015
          182.0413756357             0.0104191826             0.7004763288             0.0000000023
          183.1813756357             0.0102911340             0.6909465459             0.0000000037
          184.3213756357             0.0101654240             0.6815319158             0.0000000057
          185.4613756357             0.0100419964             0.6722419322             0.0000000088
          186.6013756357             0.0099207962             0.6630628485             0.0000000135
          187.7413756357             0.0098017705             0.6539948923             0.0000000207
          188.8813756357             0.0096848677             0.6450488917             0.0000000315
          190.0213756357             0.0095700377             0.6362229261             0.0000000477
          191.1613756357             0.0094572319             0.6275081474             0.0000000718
          192.3013756357             0.0093464033             0.6189043842             0.0000001074
          193.4413756357             0.0092375059             0.6104274335             0.0000001599
          194.5813756357             0.0091304954             0.6020640832             0.0000002368
          195.7213756357             0.0090253285             0.5938106437             0.0000003488
          196.8613756357             0.0089219631             0.5856687675             0.0000005109
          198.0013756357             0.0088203586             0.5776525784             0.0000007443
          199.1413756357             0.0087204752             0.5697444932             0.0000010787
          200.2813756357             0.0086222744             0.5619438471             0.0000015548
          201.4213756357             0.0085257186             0.5542572097             0.0000022290
          202.5613756357             0.0084307716             0.5466876161             0.0000031786
          203.7013756357             0.0083373978             0.5392229506             0.0000045083
          204.8413756357             0.0082455627             0.5318623678             0.0000063603
          205.9813756357             0.0081552328             0.5246170456             0.0000089250
          207.1213756357             0.0080663755             0.5174796075             0.0000124572
          208.2613756357             0.0079789590             0.5104432397             0.0000172946
          209.4013756357             0.0078929524             0.5035069714             0.0000238829
          210.5413756357             0.0078083256             0.4966861970             0.0000328058
          211.6813756357             0.0077250494             0.4899639807             0.0000448233
          212.8213756357             0.0076430952             0.4833385153             0.0000609187
          213.9613756357             0.0075624352             0.4768126590             0.0000823559
          215.1013756357             0.0074830424             0.4703938564             0.0001107488
          216.2413756357             0.0074048905             0.4640682894             0.0001481454
          217.3813756357             0.0073279538             0.4578348694             0.0001971266
          218.5213756357             0.0072522072             0.4517006351             0.0002609243
          219.6613756357             0.0071776265             0.4456636782             0.0003435584
          220.8013756357             0.0071041878             0.4397152314             0.0004499948
          221.9413756357             0.0070318681             0.4338541831             0.0005863273
          223.0813756357             0.0069606447             0.4280913121             0.0007599818
          224.2213756357             0.0068904956             0.4224163090             0.0009799451
          225.3613756357             0.0068213995             0.4168250319             0.0012570170
          226.5013756357             0.0067533353             0.4113175061             0.0016040830
          227.6413756357             0.0066862827             0.4059043961             0.0020364071
          228.7813756357             0.0066202217             0.4005713572             0.0025719380
          229.9213756357             0.0065551330             0.3953172896             0.0032316241
          231.0613756357             0.0064909976             0.3901459398             0.0040397289
          232.2013756357             0.0064277970             0.3850597256             0.0050241384
          233.3413756357             0.0063655131             0.3800488959             0.0062166472
          234.4813756357             0.0063041284             0.3751123777             0.0076532114
          235.6213756357             0.0062436257             0.3702572053             0.0093741531
          236.7613756357             0.0061839882             0.3654784786             0.0114243000
          237.9013756357             0.0061251994             0.3607705825             0.0138530426
          239.0413756357             0.0060672434             0.3561324806             0.0167142915
          240.1813756357             0.0060101046             0.3515740817             0.0200663184
          241.3213756357             0.0059537677             0.3470840524             0.0239714622
          242.4613756357             0.0058982178             0.3426604689             0.0284956876
          243.6013756357             0.0058434403             0.3383046379             0.0337079842
          244.7413756357             0.0057894210             0.3340220549             0.0396795977
          245.8813756357             0.0057361460             0.3298026829             0.0464830907
          247.0213756357             0.0056836018             0.3256455647             0.0541912355
          248.1613756357             0.0056317749             0.3215548739             0.0628757486
          249.3013756357             0.0055806525             0.3175297762             0.0726058813
          250.4413756357             0.0055302219             0.3135638562             0.0834468909
          251.5813756357             0.0054804707             0.3096562058             0.0954584222
          252.7213756357             0.0054313866             0.3058134967             0.1086928358
          253.8613756357             0.0053829580             0.3020293493             0.1231935273
          255.0013756357             0.0053351731             0.2983005599             0.1389932840
          256.1413756357             0.0052880207             0.2946267181             0.1561127324
          257.2813756357             0.0052414896             0.2910153140             0.1745589283
          258.4213756357             0.0051955690             0.2874564842             0.1943241435
          259.5613756357             0.0051502482             0.2839494096             0.2153848994
          260.7013756357             0.0051055170             0.2804961626             0.2377012946
          261.8413756357             0.0050613651             0.2770987882             0.2612166646
          262.9813756357             0.0050177826             0.2737505510             0.2858576043
          264.1213756357             0.0049747597             0.2704506818             0.3115343747
          265.2613756357             0.0049322869             0.2672034168             0.3381416994
          266.4013756357             0.0048903549             0.2640060315             0.3655599475
          267.5413756357             0.0048489546             0.2608545585             0.3936566838
          268.6813756357             0.0048080771             0.2577482770             0.4222885549
          269.8213756357             0.0047677135             0.2546932979             0.4513034674
          270.9613756357             0.0047278553             0.2516827409             0.4805430036
          272.1013756357             0.0046884941             0.2487150770             0.5098450111
          273.2413756357             0.0046496218             0.2457908816             0.5390462954
          274.3813756357             0.0046112302             0.2429141310             0.5679853414
          275.5213756357             0.0045733115             0.2400780913             0.5965049886
          276.6613756357             0.0045358579             0.2372821235             0.6244549856
          277.8013756357             0.0044988619             0.2345286720             0.6516943561
          278.9413756357             0.0044623160             0.2318176178             0.6780935123
          280.0813756357             0.0044262131             0.2291445988             0.7035360664
          281.2213756357             0.0043905460             0.2265090187             0.7279202966
          282.3613756357             0.0043553076             0.2239149467             0.7511602402
          283.5013756357             0.0043204913             0.2213586856             0.7731863993
          284.6413756357             0.0042860902             0.2188379649             0.7939460554
          285.7813756357             0.0042520978             0.2163523228             0.8134032050
          286.9213756357             0.0042185077             0.2139069515             0.8315381383
          288.0613756357             0.0041853135             0.2114953226             0.8483466935
          289.2013756357             0.0041525091             0.2091169102             0.8638392287
          290.3413756357             0.0041200883             0.2067728644             0.8780393572
          291.4813756357             0.0040880453             0.2044648640             0.8909824999
          292.6213756357             0.0040563742             0.2021884064             0.9027143063
          293.7613756357             0.0040250693             0.1999430020             0.9132889979
          294.9013756357             0.0039941249             0.1977312076             0.9227676856
          296.0413756357             0.0039635356             0.1955516213             0.9312167068
          297.1813756357             0.0039332959             0.1934015311             0.9387060247
          298.3213756357             0.0039034005             0.1912804815             0.9453077251
          299.4613756357             0.0038738443             0.1891922517             0.9510946392
          300.6013756357             0.0038446221             0.1871327480             0.9561391138
          301.7413756357             0.0038157289             0.1851008366             0.9605119431
          302.8813756357             0.0037871599             0.1830967480             0.9642814695
          304.0213756357             0.0037589101             0.1811233566             0.9675128547
          305.1613756357             0.0037309749             0.1791761878             0.9702675169
          306.3013756357             0.0037033495             0.1772548410             0.9726027254
          307.4413756357             0.0036760296             0.1753607642             0.9745713397
          308.5813756357             0.0036490104             0.1734941786             0.9762216792
          309.7213756357             0.0036222878             0.1716521414             0.9775975056
          310.8613756357             0.0035958573             0.1698342802             0.9787381010
          312.0013756357             0.0035697147             0.1680431067             0.9796784247
          313.1413756357             0.0035438559             0.1662765126             0.9804493294
          314.2813756357             0.0035182767             0.1645329105             0.9810778243
          315.4213756357             0.0034929732             0.1628119539             0.9815873669
          316.5613756357             0.0034679413             0.1611170803             0.9819981731
          317.7013756357             0.0034431773             0.1594441430             0.9823275332
          318.8413756357             0.0034186774             0.1577927503             0.9825901259
          319.9813756357             0.0033944377             0.1561635456             0.9827983218
          321.1213756357             0.0033704547             0.1545578721             0.9829624713
          322.2613756357             0.0033467246             0.1529727016             0.9830911729
          323.4013756357             0.0033232441             0.1514077297             0.9831915204
          324.5413756357             0.0033000095             0.1498645256             0.9832693253
          325.6813756357             0.0032770176             0.1483424150             0.9833293161
          326.8213756357             0.0032542648             0.1468395344             0.9833753142
          327.9613756357             0.0032317479             0.1453556003             0.9834103872
          329.1013756357             0.0032094637             0.1438929924             0.9834369813
          330.2413756357             0.0031874090             0.1424492618             0.9834570339
          331.3813756357             0.0031655806             0.1410235765             0.9834720702
          332.5213756357             0.0031439754             0.1396160031             0.9834832822
          333.6613756357             0.0031225905             0.1382286380             0.9834915961
          334.8013756357             0.0031014228             0.1368584655             0.9834977267
          335.9413756357             0.0030804694             0.1355052360             0.9835022222
          337.0813756357             0.0030597275             0.1341698222             0.9835055004
          338.2213756357             0.0030391941             0.1328525713             0.9835078776
          339.3613756357             0.0030188666             0.1315514695             0.9835095919
          340.5013756357             0.0029987421             0.1302662846             0.9835108212
          341.6413756357             0.0029788180             0.1289985989             0.9835116978
          342.7813756357             0.0029590916             0.1277472128             0.9835123195
          343.9213756357             0.0029395604             0.1265110043             0.9835127579
          345.0613756357             0.0029202217             0.1252897570             0.9835130654
          346.2013756357             0.0029010731             0.1240856762             0.9835132798
          347.3413756357             0.0028821120             0.1228961980             0.9835134285
          348.4813756357             0.0028633360             0.1217209922             0.9835135311
          349.6213756357             0.0028447428             0.1205604201             0.9835136014
          350.7613756357             0.0028263299             0.1194155434             0.9835136494
          351.9013756357             0.0028080951             0.1182842866             0.9835136819
          353.0413756357             0.0027900360             0.1171664585             0.9835137039
          354.1813756357             0.0027721504             0.1160630423             0.9835137186
          355.3213756357             0.0027544361             0.1149737495             0.9835137284
          356.4613756357             0.0027368909             0.1138972750             0.9835137349
          357.6013756357             0.0027195127             0.1128334365             0.9835137392
          358.7413756357             0.0027022994             0.1117837510             0.9835137420
          359.8813756357             0.0026852488             0.1107467062             0.9835137438
          361.0213756357             0.0026683589             0.1097216424             0.9835137450
          362.1613756357             0.0026516278             0.1087084912             0.9835137458
          363.3013756357             0.0026350534             0.1077087169             0.9835137463
          364.4413756357             0.0026186338             0.1067202429             0.9835137466
          365.5813756357             0.0026023671             0.1057428989             0.9835137468
          366.7213756357             0.0025862514             0.1047771996             0.9835137469
          367.8613756357             0.0025702847             0.1038235018             0.9835137470
          369.0013756357             0.0025544654             0.1028804275             0.9835137471
          370.1413756357             0.0025387916             0.1019478306             0.9835137471
          371.2813756357             0.0025232614             0.1010267037             0.9835137471
          372.4213756357             0.0025078732             0.1001163796             0.9835137471
          373.5613756357             0.0024926253             0.0992160679             0.9835137471
          374.7013756357             0.0024775158             0.0983256320             0.9835137471
          375.8413756357             0.0024625433             0.0974464820             0.9835137471
          376.9813756357             0.0024477059             0.0965770402             0.9835137471
          378.1213756357             0.0024330022             0.0957170396             0.9835137471
          379.2613756357             0.0024184304             0.0948666743             0.9835137471
          380.4013756357             0.0024039891             0.0940267581             0.9835137471
          381.5413756357             0.0023896766             0.0931958706             0.9835137471
          382.6813756357             0.0023754915             0.0923738909             0.9835137471
          383.8213756357             0.0023614323             0.0915614289             0.9835137471
          384.9613756357             0.0023474973             0.0907583983             0.9835137471
          386.1013756357             0.0023336853             0.0899638898             0.9835137471
          387.2413756357             0.0023199947             0.0891777902             0.9835137471
          388.3813756357             0.0023064242             0.0884010794             0.9835137471
          389.5213756357             0.0022929723             0.0876328683             0.9835137471
          390.6613756357             0.0022796377             0.0868727056             0.9835137471
          391.8013756357             0.0022664189             0.0861205455             0.9835137471
          392.9413756357             0.0022533147             0.0853775168             0.9835137471
          394.0813756357             0.0022403238             0.0846421943             0.9835137471
          395.2213756357             0.0022274448             0.0839144780             0.9835137471
          396.3613756357             0.0022146765             0.0831946894             0.9835137471
          397.5013756357             0.0022020176             0.0824831659             0.9835137471
          398.6413756357             0.0021894668             0.0817789290             0.9835137471
          399.7813756357             0.0021770230             0.0810818850             0.9835137471
          400.9213756357             0.0021646848             0.0803926839             0.9835137471
          402.0613756357             0.0021524512             0.0797109544             0.9835137471
          403.2013756357             0.0021403210             0.0790361197             0.9835137471
          404.3413756357             0.0021282929             0.0783680925             0.9835137471
          405.4813756357             0.0021163659             0.0777078160             0.9835137471
          406.6213756357             0.0021045387             0.0770542842             0.9835137471
          407.7613756357             0.0020928104             0.0764072820             0.9835137471
          408.9013756357             0.0020811798             0.0757669149             0.9835137471
          410.0413756357             0.0020696458             0.0751338272             0.9835137471
          411.1813756357             0.0020582074             0.0745070058             0.9835137471
          412.3213756357             0.0020468635             0.0738863740             0.9835137471
          413.4613756357             0.0020356130             0.0732723299             0.9835137471
          414.6013756357             0.0020244550             0.0726648904             0.9835137471
          415.7413756357             0.0020133884             0.0720633958             0.9835137471
          416.8813756357             0.0020024123             0.0714677744             0.9835137471
          418.0213756357             0.0019915256             0.0708786881             0.9835137471
          419.1613756357             0.0019807274             0.0702955884             0.9835137471
          420.3013756357             0.0019700167             0.0697181348             0.9835137471
          421.4413756357             0.0019593927             0.0691462723             0.9835137471
          422.5813756357             0.0019488543             0.0685808663             0.9835137471
          423.7213756357             0.0019384006             0.0680208923             0.9835137471
          424.8613756357             0.0019280307             0.0674662877             0.9835137471
          426.0013756357             0.0019177438             0.0669172591             0.9835137471
          427.1413756357             0.0019075390             0.0663741151             0.9835137471
          428.2813756357             0.0018974154             0.0658361421             0.9835137471
          429.4213756357             0.0018873721             0.0653032821             0.9835137471
          430.5613756357             0.0018774082             0.0647759797             0.9835137471
          431.7013756357             0.0018675230             0.0642540374             0.9835137471
          432.8413756357             0.0018577157             0.0637370246             0.9835137471
          433.9813756357             0.0018479853             0.0632248879             0.9835137471
          435.1213756357             0.0018383312             0.0627182878             0.9835137471
          436.2613756357             0.0018287525             0.0622165666             0.9835137471
          437.4013756357             0.0018192484             0.0617195517             0.9835137471
          438.5413756357             0.0018098181             0.0612273031             0.9835137471
          439.6813756357             0.0018004610             0.0607403498             0.9835137471
          440.8213756357             0.0017911762             0.0602579429             0.9835137471
          441.9613756357             0.0017819629             0.0597800356             0.9835137471
          443.1013756357             0.0017728206             0.0593069035             0.9835137471
          444.2413756357             0.0017637484             0.0588386196             0.9835137471
          445.3813756357             0.0017547456             0.0583746871             0.9835137471
          446.5213756357             0.0017458115             0.0579150627             0.9835137471
          447.6613756357             0.0017369455             0.0574602191             0.9835137471
          448.8013756357             0.0017281468             0.0570098112             0.9835137471
          449.9413756357             0.0017194147             0.0565635734             0.9835137471
          451.0813756357             0.0017107486             0.0561214652             0.9835137471
          452.2213756357             0.0017021478             0.0556841404             0.9835137471
          453.3613756357             0.0016936117             0.0552508695             0.9835137471
          454.5013756357             0.0016851397             0.0548215993             0.9835137471
          455.6413756357             0.0016767310             0.0543964703             0.9835137471
          456.7813756357             0.0016683850             0.0539757372             0.9835137471
