# Energy loss (meV)	Quasi-elastic (arb. units)	Magnetic excitations (arb. units)	dd excitations (arb. units)
         -226.5188464604             0.0055268788             0.0071579465             0.0000000000
         -225.3788464604             0.0055825769             0.0072321853             0.0000000000
         -224.2388464604             0.0056391194             0.0073069860             0.0000000000
         -223.0988464604             0.0056965234             0.0073823641             0.0000000000
         -221.9588464604             0.0057548064             0.0074583626             0.0000000000
         -220.8188464604             0.0058139866             0.0075350515             0.0000000000
         -219.6788464604             0.0058740823             0.0076123695             0.0000000000
         -218.5388464604             0.0059351124             0.0076903329             0.0000000000
         -217.3988464604             0.0059970965             0.0077690193             0.0000000000
         -216.2588464604             0.0060600544             0.0078484445             0.0000000000
         -215.1188464604             0.0061240065             0.0079285694             0.0000000000
         -213.9788464604             0.0061889740             0.0080094111             0.0000000000
         -212.8388464604             0.0062549784             0.0080910888             0.0000000000
         -211.6988464604             0.0063220417             0.0081735512             0.0000000000
         -210.5588464604             0.0063901867             0.0082567879             0.0000000000
         -209.4188464604             0.0064594367             0.0083408224             0.0000000000
         -208.2788464604             0.0065298157             0.0084258061             0.0000000000
         -207.1388464604             0.0066013483             0.0085116242             0.0000000000
         -205.9988464604             0.0066740598             0.0085982955             0.0000000000
         -204.8588464604             0.0067479762             0.0086858858             0.0000000000
         -203.7188464604             0.0068231241             0.0087744808             0.0000000000
         -202.5788464604             0.0068995310             0.0088639931             0.0000000000
         -201.4388464604             0.0069772252             0.0089544430             0.0000000000
         -200.2988464604             0.0070562355             0.0090459464             0.0000000000
         -199.1588464604             0.0071365919             0.0091385088             0.0000000000
         -198.0188464604             0.0072183249             0.0092320776             0.0000000000
         -196.8788464604             0.0073014662             0.0093266744             0.0000000000
         -195.7388464604             0.0073860481             0.0094224743             0.0000000000
         -194.5988464604             0.0074721041             0.0095193867             0.0000000000
         -193.4588464604             0.0075596685             0.0096174013             0.0000000000
         -192.3188464604             0.0076487767             0.0097165573             0.0000000000
         -191.1788464604             0.0077394649             0.0098170515             0.0000000000
         -190.0388464604             0.0078317709             0.0099187267             0.0000000000
         -188.8988464604             0.0079257330             0.0100216077             0.0000000000
         -187.7588464604             0.0080213910             0.0101257944             0.0000000000
         -186.6188464604             0.0081187859             0.0102313885             0.0000000000
         -185.4788464604             0.0082179599             0.0103382740             0.0000000000
         -184.3388464604             0.0083189563             0.0104464782             0.0000000000
         -183.1988464604             0.0084218201             0.0105561720             0.0000000000
         -182.0588464604             0.0085265972             0.0106673433             0.0000000000
         -180.9188464604             0.0086333354             0.0107799266             0.0000000000
         -179.7788464604             0.0087420837             0.0108939514             0.0000000000
         -178.6388464604             0.0088528927             0.0110096730             0.0000000000
         -177.4988464604             0.0089658147             0.0111269429             0.0000000000
         -176.3588464604             0.0090809035             0.0112457568             0.0000000000
         -175.2188464604             0.0091982147             0.0113661803             0.0000000000
         -174.0788464604             0.0093178057             0.0114884670             0.0000000000
         -172.9388464604             0.0094397357             0.0116124075             0.0000000000
         -171.7988464604             0.0095640659             0.0117380368             0.0000000000
         -170.6588464604             0.0096908595             0.0118655073             0.0000000000
         -169.5188464604             0.0098201818             0.0119949377             0.0000000000
         -168.3788464604             0.0099521001             0.0121261784             0.0000000000
         -167.2388464604             0.0100866841             0.0122592679             0.0000000000
         -166.0988464604             0.0102240059             0.0123944606             0.0000000000
         -164.9588464604             0.0103641399             0.0125317140             0.0000000000
         -163.8188464604             0.0105071632             0.0126709505             0.0000000000
         -162.6788464604             0.0106531553             0.0128122130             0.0000000000
         -161.5388464604             0.0108021986             0.0129558765             0.0000000000
         -160.3988464604             0.0109543785             0.0131017054             0.0000000000
         -159.2588464604             0.0111097832             0.0132497093             0.0000000000
         -158.1188464604             0.0112685040             0.0133999989             0.0000000000
         -156.9788464604             0.0114306355             0.0135529029             0.0000000000
         -155.8388464604             0.0115962757             0.0137081440             0.0000000000
         -154.6988464604             0.0117655261             0.0138657741             0.0000000000
         -153.5588464604             0.0119384919             0.0140260288             0.0000000000
         -152.4188464604             0.0121152822             0.0141890459             0.0000000000
         -151.2788464604             0.0122960099             0.0143546331             0.0000000000
         -150.1388464604             0.0124807923             0.0145228486             0.0000000000
         -148.9988464604             0.0126697510             0.0146940772             0.0000000000
         -147.8588464604             0.0128630122             0.0148682250             0.0000000000
         -146.7188464604             0.0130607068             0.0150452043             0.0000000000
         -145.5788464604             0.0132629707             0.0152250803             0.0000000000
         -144.4388464604             0.0134699451             0.0154084157             0.0000000000
         -143.2988464604             0.0136817767             0.0155948372             0.0000000000
         -142.1588464604             0.0138986177             0.0157843840             0.0000000000
         -141.0188464604             0.0141206265             0.0159772431             0.0000000000
         -139.8788464604             0.0143479676             0.0161738498             0.0000000000
         -138.7388464604             0.0145808123             0.0163738329             0.0000000000
         -137.5988464604             0.0148193386             0.0165772735             0.0000000000
         -136.4588464604             0.0150637317             0.0167845447             0.0000000000
         -135.3188464604             0.0153141844             0.0169958048             0.0000000000
         -134.1788464604             0.0155708976             0.0172108069             0.0000000000
         -133.0388464604             0.0158340802             0.0174296430             0.0000000000
         -131.8988464604             0.0161039502             0.0176529113             0.0000000000
         -130.7588464604             0.0163807345             0.0178804298             0.0000000000
         -129.6188464604             0.0166646698             0.0181121058             0.0000000000
         -128.4788464604             0.0169560029             0.0183480441             0.0000000000
         -127.3388464604             0.0172549913             0.0185891160             0.0000000000
         -126.1988464604             0.0175619037             0.0188347208             0.0000000000
         -125.0588464604             0.0178770206             0.0190849576             0.0000000000
         -123.9188464604             0.0182006349             0.0193401485             0.0000000000
         -122.7788464604             0.0185330525             0.0196008881             0.0000000000
         -121.6388464604             0.0188745935             0.0198666702             0.0000000000
         -120.4988464604             0.0192255920             0.0201376282             0.0000000000
         -119.3588464604             0.0195863978             0.0204143733             0.0000000000
         -118.2188464604             0.0199573767             0.0206970861             0.0000000000
         -117.0788464604             0.0203389117             0.0209854472             0.0000000000
         -115.9388464604             0.0207314037             0.0212796105             0.0000000000
         -114.7988464604             0.0211352729             0.0215805439             0.0000000000
         -113.6588464604             0.0215509592             0.0218879069             0.0000000000
         -112.5188464604             0.0219789244             0.0222016184             0.0000000000
         -111.3788464604             0.0224196522             0.0225218765             0.0000000000
         -110.2388464604             0.0228736506             0.0228500290             0.0000000000
         -109.0988464604             0.0233414527             0.0231851425             0.0000000000
         -107.9588464604             0.0238236185             0.0235274175             0.0000000000
         -106.8188464604             0.0243207361             0.0238774285             0.0000000000
         -105.6788464604             0.0248334241             0.0242360246             0.0000000000
         -104.5388464604             0.0253623328             0.0246024968             0.0000000000
         -103.3988464604             0.0259081465             0.0249770793             0.0000000000
         -102.2588464604             0.0264715857             0.0253608217             0.0000000000
         -101.1188464604             0.0270534090             0.0257539255             0.0000000000
          -99.9788464604             0.0276544162             0.0261559778             0.0000000000
          -98.8388464604             0.0282754502             0.0265672542             0.0000000000
          -97.6988464604             0.0289174005             0.0269894032             0.0000000000
          -96.5588464604             0.0295812060             0.0274217900             0.0000000000
          -95.4188464604             0.0302678582             0.0278643895             0.0000000000
          -94.2788464604             0.0309784051             0.0283176352             0.0000000000
          -93.1388464604             0.0317139553             0.0287836099             0.0000000000
          -91.9988464604             0.0324756819             0.0292609240             0.0000000000
          -90.8588464604             0.0332648277             0.0297499502             0.0000000000
          -89.7188464604             0.0340827107             0.0302517681             0.0000000000
          -88.5788464604             0.0349307298             0.0307676672             0.0000000000
          -87.4388464604             0.0358103717             0.0312966225             0.0000000000
          -86.2988464604             0.0367232193             0.0318390804             0.0000000000
          -85.1588464604             0.0376709604             0.0323969602             0.0000000000
          -84.0188464604             0.0386553988             0.0329704811             0.0000000000
          -82.8788464604             0.0396784676             0.0335591201             0.0000000000
          -81.7388464604             0.0407422448             0.0341634154             0.0000000000
          -80.5988464604             0.0418489730             0.0347863796             0.0000000000
          -79.4588464604             0.0430010838             0.0354267981             0.0000000000
          -78.3188464604             0.0442012287             0.0360848314             0.0000000000
          -77.1788464604             0.0454523173             0.0367614537             0.0000000000
          -76.0388464604             0.0467575673             0.0374601509             0.0000000000
          -74.8988464604             0.0481205671             0.0381787501             0.0000000000
          -73.7588464604             0.0495453564             0.0389180218             0.0000000000
          -72.6188464604             0.0510365294             0.0396801665             0.0000000000
          -71.4788464604             0.0525993657             0.0404673437             0.0000000000
          -70.3388464604             0.0542399974             0.0412780384             0.0000000000
          -69.1988464604             0.0559656207             0.0421132209             0.0000000000
          -68.0588464604             0.0577847627             0.0429767801             0.0000000000
          -66.9188464604             0.0597076155             0.0438690102             0.0000000000
          -65.7788464604             0.0617464528             0.0447893811             0.0000000000
          -64.6388464604             0.0639161450             0.0457391686             0.0000000000
          -63.4988464604             0.0662347915             0.0467246698             0.0000000000
          -62.3588464604             0.0687244906             0.0477435828             0.0000000000
          -61.2188464604             0.0714122697             0.0487968950             0.0000000000
          -60.0788464604             0.0743311969             0.0498873288             0.0000000000
          -58.9388464604             0.0775216988             0.0510221387             0.0000000000
          -57.7988464604             0.0810331058             0.0521980943             0.0000000000
          -56.6588464604             0.0849254438             0.0534177665             0.0000000000
          -55.5188464604             0.0892714875             0.0546875025             0.0000000000
          -54.3788464604             0.0941590847             0.0560131760             0.0000000000
          -53.2388464604             0.0996937493             0.0573937242             0.0000000000
          -52.0988464604             0.1060015109             0.0588336451             0.0000000000
          -50.9588464604             0.1132319938             0.0603462113             0.0000000000
          -49.8188464604             0.1215616774             0.0619352954             0.0000000000
          -48.6788464604             0.1311972708             0.0636043366             0.0000000000
          -47.5388464604             0.1423791103             0.0653619283             0.0000000000
          -46.3988464604             0.1553844588             0.0672356900             0.0000000000
          -45.2588464604             0.1705305617             0.0692252034             0.0000000000
          -44.1188464604             0.1881772839             0.0713434689             0.0000000000
          -42.9788464604             0.2087291238             0.0736124822             0.0000000000
          -41.8388464604             0.2326363802             0.0760748999             0.0000000000
          -40.6988464604             0.2603952248             0.0787332643             0.0000000000
          -39.5588464604             0.2925464251             0.0816155509             0.0000000000
          -38.4188464604             0.3296724586             0.0847765199             0.0000000000
          -37.2788464604             0.3723927712             0.0882691551             0.0000000000
          -36.1388464604             0.4213569566             0.0921123081             0.0000000000
          -34.9988464604             0.4772356742             0.0963571033             0.0000000000
          -33.8588464604             0.5407091810             0.1011255256             0.0000000000
          -32.7188464604             0.6124534241             0.1064658901             0.0000000000
          -31.5788464604             0.6931237346             0.1124302740             0.0000000000
          -30.4388464604             0.7833362606             0.1191048553             0.0000000000
          -29.2988464604             0.8836473964             0.1267372287             0.0000000000
          -28.1588464604             0.9945315749             0.1353224776             0.0000000000
          -27.0188464604             1.1163579118             0.1449748141             0.0000000000
          -25.8788464604             1.2493662924             0.1558767146             0.0000000000
          -24.7388464604             1.3936435817             0.1683339700             0.0000000000
          -23.5988464604             1.5491006998             0.1823358623             0.0000000000
          -22.4588464604             1.7154513343             0.1980513959             0.0000000000
          -21.3188464604             1.8921930472             0.2158332706             0.0000000000
          -20.1788464604             2.0785914795             0.2359324034             0.0000000000
          -19.0388464604             2.2736682592             0.2583723772             0.0000000000
          -17.8988464604             2.4761930877             0.2833606954             0.0000000000
          -16.7588464604             2.6846803332             0.3114921991             0.0000000000
          -15.6188464604             2.8973903321             0.3427951531             0.0000000000
          -14.4788464604             3.1123355253             0.3773571227             0.0000000000
          -13.3388464604             3.3272915965             0.4153929797             0.0000000000
          -12.1988464604             3.5398139916             0.4577856787             0.0000000000
          -11.0588464604             3.7472606159             0.5041241254             0.0000000000
           -9.9188464604             3.9468221415             0.5545896201             0.0000000000
           -8.7788464604             4.1355621089             0.6095485151             0.0000000000
           -7.6388464604             4.3104696621             0.6695547594             0.0000000000
           -6.4988464604             4.4685279348             0.7341601547             0.0000000000
           -5.3588464604             4.6068003235             0.8034514116             0.0000000000
           -4.2188464604             4.7225347005             0.8779093776             0.0000000000
           -3.0788464604             4.8132818985             0.9575244962             0.0000000000
           -1.9388464604             4.8770200427             1.0418588895             0.0000000000
           -0.7988464604             4.9122717371             1.1308341884             0.0000000000
            0.3411535396             4.9181985100             1.2249131410             0.0000000000
            1.4811535396             4.8946578540             1.3234552185             0.0000000000
            2.6211535396             4.8422131725             1.4260502361             0.0000000000
            3.7611535396             4.7620948842             1.5324391688             0.0000000000
            4.9011535396             4.6561194261             1.6427943143             0.0000000000
            6.0411535396             4.5265792837             1.7561145493             0.0000000000
            7.1811535396             4.3761197574             1.8719824933             0.0000000000
            8.3211535396             4.2076168392             1.9900285923             0.0000000000
            9.4611535396             4.0240665754             2.1097918370             0.0000000000
           10.6011535396             3.8284914216             2.2305220433             0.0000000000
           11.7411535396             3.6238648560             2.3516988594             0.0000000000
           12.8811535396             3.4130527061             2.4727313840             0.0000000000
           14.0211535396             3.1987683422             2.5929795357             0.0000000000
           15.1611535396             2.9835387422             2.7119344558             0.0000000000
           16.3011535396             2.7696789521             2.8290832305             0.0000000000
           17.4411535396             2.5592732139             2.9435332430             0.0000000000
           18.5811535396             2.3541617304             3.0549919406             0.0000000000
           19.7211535396             2.1559325485             3.1630961827             0.0000000000
           20.8611535396             1.9659183308             3.2673811576             0.0000000000
           22.0011535396             1.7851978905             3.3667905823             0.0000000000
           23.1411535396             1.6146023267             3.4616207872             0.0000000000
           24.2811535396             1.4547254880             3.5515789620             0.0000000000
           25.4211535396             1.3059383471             3.6360989559             0.0000000000
           26.5611535396             1.1684067298             3.7146188714             0.0000000000
           27.7011535396             1.0421117306             3.7875786094             0.0000000000
           28.8411535396             0.9268720727             3.8548537280             0.0000000000
           29.9811535396             0.8223676421             3.9157547001             0.0000000000
           31.1211535396             0.7281634375             3.9704154730             0.0000000000
           32.2611535396             0.6437332262             4.0192413567             0.0000000000
           33.4011535396             0.5684822774             4.0622589184             0.0000000000
           34.5411535396             0.5017686410             4.0986816360             0.0000000000
           35.6811535396             0.4429225567             4.1293193474             0.0000000000
           36.8211535396             0.3912636903             4.1544350394             0.0000000000
           37.9611535396             0.3461160147             4.1740632809             0.0000000000
           39.1011535396             0.3068202555             4.1876861371             0.0000000000
           40.2411535396             0.2727439201             4.1963067219             0.0000000000
           41.3811535396             0.2432890071             4.2001149563             0.0000000000
           42.5211535396             0.2178975573             4.1990263623             0.0000000000
           43.6611535396             0.1960552567             4.1930991644             0.0000000000
           44.8011535396             0.1772933278             4.1830483342             0.0000000000
           45.9411535396             0.1611889686             4.1690938118             0.0000000000
           47.0811535396             0.1473645942             4.1510772172             0.0000000000
           48.2211535396             0.1354861349             4.1294334780             0.0000000000
           49.3611535396             0.1252606230             4.1046151446             0.0000000000
           50.5011535396             0.1164332835             4.0768391813             0.0000000000
           51.6411535396             0.1087843118             4.0459246746             0.0000000000
           52.7811535396             0.1021255009             4.0124832489             0.0000000000
           53.9211535396             0.0962968447             3.9767657614             0.0000000000
           55.0611535396             0.0911632218             3.9389161747             0.0000000000
           56.2011535396             0.0866112377             3.8989251797             0.0000000000
           57.3411535396             0.0825462783             3.8572690468             0.0000000000
           58.4811535396             0.0788898118             3.8141167067             0.0000000000
           59.6211535396             0.0755769556             3.7695453281             0.0000000000
           60.7611535396             0.0725543149             3.7237028643             0.0000000000
           61.9011535396             0.0697780875             3.6768644936             0.0000000000
           63.0411535396             0.0672124215             3.6291647607             0.0000000000
           64.1811535396             0.0648280089             3.5806591438             0.0000000000
           65.3211535396             0.0626008940             3.5315312687             0.0000000000
           66.4611535396             0.0605114727             3.4819308652             0.0000000000
           67.6011535396             0.0585436615             3.4319600968             0.0000000000
           68.7411535396             0.0566842123             3.3816842300             0.0000000000
           69.8811535396             0.0549221523             3.3312436241             0.0000000000
           71.0211535396             0.0532483304             3.2807215394             0.0000000000
           72.1611535396             0.0516550516             3.2301945962             0.0000000000
           73.3011535396             0.0501357849             3.1797500280             0.0000000000
           74.4411535396             0.0486849306             3.1294474577             0.0000000000
           75.5811535396             0.0472976372             3.0793432670             0.0000000000
           76.7211535396             0.0459696559             3.0295128567             0.0000000000
           77.8611535396             0.0446972282             2.9800177426             0.0000000000
           79.0011535396             0.0434769958             2.9308744988             0.0000000000
           80.1411535396             0.0423059321             2.8821208500             0.0000000000
           81.2811535396             0.0411812872             2.8338474539             0.0000000000
           82.4211535396             0.0401005452             2.7860584103             0.0000000000
           83.5611535396             0.0390613911             2.7387585952             0.0000000000
           84.7011535396             0.0380616831             2.6919716109             0.0000000000
           85.8411535396             0.0370994322             2.6458118888             0.0000000000
           86.9811535396             0.0361727845             2.6002118078             0.0000000000
           88.1211535396             0.0352800068             2.5551840206             0.0000000000
           89.2611535396             0.0344194755             2.5107658718             0.0000000000
           90.4011535396             0.0335896662             2.4670262541             0.0000000000
           91.5411535396             0.0327891455             2.4238951906             0.0000000000
           92.6811535396             0.0320165639             2.3813799148             0.0000000000
           93.8211535396             0.0312706491             2.3395398064             0.0000000000
           94.9611535396             0.0305502004             2.2983817729             0.0000000000
           96.1011535396             0.0298540841             2.2578533286             0.0000000000
           97.2411535396             0.0291812282             2.2179560331             0.0000000000
           98.3811535396             0.0285306191             2.1787730579             0.0000000000
           99.5211535396             0.0279012970             2.1402483619             0.0000000000
          100.6611535396             0.0272923532             2.1023530166             0.0000000000
          101.8011535396             0.0267029263             2.0650859248             0.0000000000
          102.9411535396             0.0261321995             2.0285496866             0.0000000000
          104.0811535396             0.0255793981             1.9926325714             0.0000000000
          105.2211535396             0.0250437865             1.9573301736             0.0000000000
          106.3611535396             0.0245246662             1.9226661296             0.0000000000
          107.5011535396             0.0240213733             1.8886821556             0.0000000000
          108.6411535396             0.0235332769             1.8552951154             0.0000000000
          109.7811535396             0.0230597769             1.8224987977             0.0000000000
          110.9211535396             0.0226003020             1.7903400728             0.0000000000
          112.0611535396             0.0221543086             1.7588043199             0.0000000000
          113.2011535396             0.0217212789             1.7278368431             0.0000000000
          114.3411535396             0.0213007195             1.6974303631             0.0000000000
          115.4811535396             0.0208921600             1.6676526375             0.0000000000
          116.6211535396             0.0204951518             1.6384387085             0.0000000000
          117.7611535396             0.0201092669             1.6097607300             0.0000000000
          118.9011535396             0.0197340969             1.5816154773             0.0000000000
          120.0411535396             0.0193692516             1.5540750549             0.0000000000
          121.1811535396             0.0190143585             1.5270445518             0.0000000000
          122.3211535396             0.0186690615             1.5005159785             0.0000000000
          123.4611535396             0.0183330202             1.4745075912             0.0000000000
          124.6011535396             0.0180059091             1.4490418136             0.0000000000
          125.7411535396             0.0176874165             1.4240515852             0.0000000000
          126.8811535396             0.0173772445             1.3995289369             0.0000000000
          128.0211535396             0.0170751077             1.3755107916             0.0000000000
          129.1611535396             0.0167807327             1.3519763207             0.0000000000
          130.3011535396             0.0164938575             1.3288834433             0.0000000000
          131.4411535396             0.0162142311             1.3062243930             0.0000000000
          132.5811535396             0.0159416130             1.2840519915             0.0000000000
          133.7211535396             0.0156757721             1.2623083824             0.0000000000
          134.8611535396             0.0154164872             1.2409734972             0.0000000000
          136.0011535396             0.0151635456             1.2200460794             0.0000000000
          137.1411535396             0.0149167432             1.1995736679             0.0000000000
          138.2811535396             0.0146758842             1.1794857696             0.0000000000
          139.4211535396             0.0144407802             1.1597752375             0.0000000000
          140.5611535396             0.0142112504             1.1404571517             0.0000000000
          141.7011535396             0.0139871209             1.1215420998             0.0000000000
          142.8411535396             0.0137682245             1.1029815398             0.0000000000
          143.9811535396             0.0135544003             1.0847687492             0.0000000000
          145.1211535396             0.0133454938             1.0669326369             0.0000000000
          146.2611535396             0.0131413559             1.0494523168             0.0000000000
          147.4011535396             0.0129418434             1.0322983334             0.0000000000
          148.5411535396             0.0127468183             1.0154644086             0.0000000000
          149.6811535396             0.0125561477             0.9989910055             0.0000000000
          150.8211535396             0.0123697034             0.9828307195             0.0000000000
          151.9611535396             0.0121873621             0.9669705366             0.0000000000
          153.1011535396             0.0120090048             0.9514111421             0.0000000000
          154.2411535396             0.0118345169             0.9361829716             0.0000000000
          155.3811535396             0.0116637876             0.9212360744             0.0000000000
          156.5211535396             0.0114967104             0.9065649596             0.0000000000
          157.6611535396             0.0113331821             0.8921822062             0.0000000000
          158.8011535396             0.0111731036             0.8780916055             0.0000000000
          159.9411535396             0.0110163787             0.8642593915             0.0000000000
          161.0811535396             0.0108629149             0.8506804989             0.0000000000
          162.2211535396             0.0107126226             0.8373774876             0.0000000000
          163.3611535396             0.0105654155             0.8243316207             0.0000000000
          164.5011535396             0.0104212101             0.8115230539             0.0000000000
          165.6411535396             0.0102799255             0.7989471276             0.0000000000
          166.7811535396             0.0101414837             0.7866346930             0.0000000000
          167.9211535396             0.0100058093             0.7745481201             0.0000000000
          169.0611535396             0.0098728292             0.7626794668             0.0000000000
          170.2011535396             0.0097424729             0.7510306250             0.0000000000
          171.3411535396             0.0096146721             0.7396207476             0.0000000000
          172.4811535396             0.0094893605             0.7284150106             0.0000000000
          173.6211535396             0.0093664743             0.7174094138             0.0000000000
          174.7611535396             0.0092459515             0.7066144026             0.0000000000
          175.9011535396             0.0091277320             0.6960300603             0.0000000000
          177.0411535396             0.0090117577             0.6856332338             0.0000000000
          178.1811535396             0.0088979724             0.6754202597             0.0000000000
          179.3211535396             0.0087863214             0.6654087523             0.0000000000
          180.4611535396             0.0086767519             0.6555826843             0.0000000000
          181.6011535396             0.0085692127             0.6459289146             0.0000000000
          182.7411535396             0.0084636540             0.6364440916             0.0000000000
          183.8811535396             0.0083600277             0.6271517882             0.0000000000
          185.0211535396             0.0082582870             0.6180224557             0.0000000000
          186.1611535396             0.0081583866             0.6090515033             0.0000000000
          187.3011535396             0.0080602826             0.6002414006             0.0000000000
          188.4411535396             0.0079639322             0.5916040227             0.0000000000
          189.5811535396             0.0078692940             0.5831151610             0.0000000000
          190.7211535396             0.0077763279             0.5747719560             0.0000000000
          191.8611535396             0.0076849947             0.5665830349             0.0000000000
          193.0011535396             0.0075952566             0.5585465817             0.0000000000
          194.1411535396             0.0075070767             0.5506467708             0.0000000000
          195.2811535396             0.0074204193             0.5428809887             0.0000000000
          196.4211535396             0.0073352496             0.5352630368             0.0000000000
          197.5611535396             0.0072515339             0.5277795029             0.0000000001
          198.7011535396             0.0071692393             0.5204217611             0.0000000001
          199.8411535396             0.0070883340             0.5131874231             0.0000000001
          200.9811535396             0.0070087869             0.5060946066             0.0000000002
          202.1211535396             0.0069305678             0.4991201328             0.0000000003
          203.2611535396             0.0068536475             0.4922615365             0.0000000005
          204.4011535396             0.0067779975             0.4855214561             0.0000000007
          205.5411535396             0.0067035899             0.4789071165             0.0000000011
          206.6811535396             0.0066303978             0.4724016300             0.0000000017
          207.8211535396             0.0065583950             0.4660029599             0.0000000026
          208.9611535396             0.0064875558             0.4597182110             0.0000000038
          210.1011535396             0.0064178554             0.4535446961             0.0000000057
          211.2411535396             0.0063492696             0.4474715770             0.0000000085
          212.3811535396             0.0062817748             0.4414969916             0.0000000125
          213.5211535396             0.0062153480             0.4356318135             0.0000000184
          214.6611535396             0.0061499668             0.4298649253             0.0000000269
          215.8011535396             0.0060856096             0.4241907000             0.0000000392
          216.9411535396             0.0060222550             0.4186078730             0.0000000569
          218.0811535396             0.0059598824             0.4131291633             0.0000000823
          219.2211535396             0.0058984716             0.4077376334             0.0000001183
          220.3611535396             0.0058380031             0.4024316931             0.0000001696
          221.5011535396             0.0057784576             0.3972139176             0.0000002419
          222.6411535396             0.0057198165             0.3920885718             0.0000003436
          223.7811535396             0.0056620617             0.3870437983             0.0000004860
          224.9211535396             0.0056051754             0.3820781414             0.0000006846
          226.0611535396             0.0055491404             0.3771974493             0.0000009602
          227.2011535396             0.0054939396             0.3723987336             0.0000013410
          228.3411535396             0.0054395568             0.3676745411             0.0000018649
          229.4811535396             0.0053859759             0.3630235384             0.0000025825
          230.6211535396             0.0053331811             0.3584543506             0.0000035611
          231.7611535396             0.0052811573             0.3539577890             0.0000048898
          232.9011535396             0.0052298895             0.3495302094             0.0000066860
          234.0411535396             0.0051793632             0.3451711744             0.0000091034
          235.1811535396             0.0051295642             0.3408892989             0.0000123426
          236.3211535396             0.0050804785             0.3366724694             0.0000166641
          237.4611535396             0.0050320927             0.3325195434             0.0000224041
          238.6011535396             0.0049843936             0.3284329155             0.0000299947
          239.7411535396             0.0049373683             0.3244149717             0.0000399887
          240.8811535396             0.0048910040             0.3204573219             0.0000530894
          242.0211535396             0.0048452886             0.3165589175             0.0000701870
          243.1611535396             0.0048002100             0.3127245803             0.0000924033
          244.3011535396             0.0047557565             0.3089513252             0.0001211442
          245.4411535396             0.0047119165             0.3052340034             0.0001581626
          246.5811535396             0.0046686789             0.3015716523             0.0002056335
          247.7211535396             0.0046260326             0.2979711644             0.0002662415
          248.8611535396             0.0045839670             0.2944249385             0.0003432827
          250.0011535396             0.0045424716             0.2909306417             0.0004407833
          251.1411535396             0.0045015362             0.2874883261             0.0005636357
          252.2811535396             0.0044611507             0.2841038334             0.0007177530
          253.4211535396             0.0044213053             0.2807684193             0.0009102440
          254.5611535396             0.0043819905             0.2774812550             0.0011496092
          255.7011535396             0.0043431969             0.2742445065             0.0014459581
          256.8411535396             0.0043049154             0.2710593715             0.0018112475
          257.9811535396             0.0042671369             0.2679198654             0.0022595407
          259.1211535396             0.0042298528             0.2648252257             0.0028072862
          260.2611535396             0.0041930544             0.2617794401             0.0034736127
          261.4011535396             0.0041567335             0.2587796805             0.0042806372
          262.5411535396             0.0041208816             0.2558223760             0.0052537831
          263.6811535396             0.0040854909             0.2529068246             0.0064221000
          264.8211535396             0.0040505535             0.2500385770             0.0078185805
          265.9611535396             0.0040160616             0.2472113268             0.0094804641
          267.1011535396             0.0039820078             0.2444236093             0.0114495190
          268.2411535396             0.0039483846             0.2416757547             0.0137722908
          269.3811535396             0.0039151849             0.2389717188             0.0165003061
          270.5211535396             0.0038824015             0.2363051299             0.0196902169
          271.6611535396             0.0038500276             0.2336753810             0.0234038738
          272.8011535396             0.0038180564             0.2310843993             0.0277083127
          273.9411535396             0.0037864811             0.2285326362             0.0326756402
          275.0811535396             0.0037552955             0.2260157901             0.0383828070
          276.2211535396             0.0037244929             0.2235333009             0.0449112533
          277.3611535396             0.0036940673             0.2210884793             0.0523464184
          278.5011535396             0.0036640124             0.2186787237             0.0607771041
          279.6411535396             0.0036343224             0.2163015507             0.0702946874
          280.7811535396             0.0036049913             0.2139564432             0.0809921797
          281.9211535396             0.0035760133             0.2116479060             0.0929631344
          283.0611535396             0.0035473829             0.2093706851             0.1063004090
          284.2011535396             0.0035190945             0.2071238913             0.1210947936
          285.3411535396             0.0034911427             0.2049080027             0.1374335210
          286.4811535396             0.0034635221             0.2027256835             0.1553986794
          287.6211535396             0.0034362277             0.2005722493             0.1750655556
          288.7611535396             0.0034092541             0.1984472505             0.1965009374
          289.9011535396             0.0033825966             0.1963523856             0.2197614118
          291.0411535396             0.0033562501             0.1942876439             0.2448916970
          292.1811535396             0.0033302098             0.1922499117             0.2719230495
          293.3211535396             0.0033044710             0.1902387730             0.3008717877
          294.4611535396             0.0032790292             0.1882569892             0.3317379765
          295.6011535396             0.0032538796             0.1863022075             0.3645043128
          296.7411535396             0.0032290179             0.1843726999             0.3991352519
          297.8811535396             0.0032044398             0.1824680812             0.4355764088
          299.0211535396             0.0031801408             0.1805920355             0.4737542662
          300.1611535396             0.0031561169             0.1787401644             0.5135762099
          301.3011535396             0.0031323639             0.1769119604             0.5549309087
          302.4411535396             0.0031088777             0.1751079691             0.5976890459
          303.5811535396             0.0030856543             0.1733299654             0.6417043998
          304.7211535396             0.0030626899             0.1715744763             0.6868152617
          305.8611535396             0.0030399806             0.1698411652             0.7328461716
          307.0011535396             0.0030175227             0.1681315211             0.7796099399
          308.1411535396             0.0029953124             0.1664452540             0.8269099188
          309.2811535396             0.0029733462             0.1647800963             0.8745424763
          310.4211535396             0.0029516204             0.1631357357             0.9222996218
          311.5611535396             0.0029301317             0.1615144869             0.9699717267
          312.7011535396             0.0029088765             0.1599142433             1.0173502805
          313.8411535396             0.0028878515             0.1583338051             1.0642306234
          314.9811535396             0.0028670534             0.1567729016             1.1104145937
          316.1211535396             0.0028464789             0.1552345109             1.1557130350
          317.2611535396             0.0028261248             0.1537149889             1.1999481089
          318.4011535396             0.0028059881             0.1522140616             1.2429553677
          319.5411535396             0.0027860656             0.1507322940             1.2845855464
          320.6811535396             0.0027663543             0.1492708455             1.3247060423
          321.8211535396             0.0027468512             0.1478271213             1.3632020611
          322.9611535396             0.0027275534             0.1464008668             1.3999774140
          324.1011535396             0.0027084581             0.1449933839             1.4349549640
          325.2411535396             0.0026895624             0.1436042213             1.4680767258
          326.3811535396             0.0026708635             0.1422317190             1.4993036336
          327.5211535396             0.0026523588             0.1408756404             1.5286149982
          328.6611535396             0.0026340456             0.1395379354             1.5560076830
          329.8011535396             0.0026159211             0.1382167289             1.5814950323
          330.9411535396             0.0025979830             0.1369111930             1.6051055900
          332.0811535396             0.0025802285             0.1356212271             1.6268816511
          333.2211535396             0.0025626552             0.1343489903             1.6468776874
          334.3611535396             0.0025452606             0.1330917111             1.6651586900
          335.5011535396             0.0025280424             0.1318491811             1.6817984711
          336.6411535396             0.0025109982             0.1306219559             1.6968779634
          337.7811535396             0.0024941256             0.1294107678             1.7104835518
          338.9211535396             0.0024774223             0.1282136645             1.7227054722
          340.0611535396             0.0024608861             0.1270304517             1.7336363005
          341.2011535396             0.0024445148             0.1258622667             1.7433695579
          342.3411535396             0.0024283061             0.1247085723             1.7519984461
          343.4811535396             0.0024122580             0.1235681492             1.7596147276
          344.6211535396             0.0023963683             0.1224408162             1.7663077555
          345.7611535396             0.0023806349             0.1213282240             1.7721636573
          346.9011535396             0.0023650559             0.1202287092             1.7772646706
          348.0411535396             0.0023496291             0.1191417069             1.7816886247
          349.1811535396             0.0023343527             0.1180672271             1.7855085625
          350.3211535396             0.0023192246             0.1170068354             1.7887924893
          351.4611535396             0.0023042429             0.1159584083             1.7916032389
          352.6011535396             0.0022894059             0.1149217850             1.7939984419
          353.7411535396             0.0022747116             0.1138974963             1.7960305839
          354.8811535396             0.0022601581             0.1128859756             1.7977471369
          356.0211535396             0.0022457438             0.1118857412             1.7991907538
          357.1611535396             0.0022314668             0.1108966306             1.8003995084
          358.3011535396             0.0022173254             0.1099195853             1.8014071727
          359.4411535396             0.0022033179             0.1089538889             1.8022435170
          360.5811535396             0.0021894426             0.1079983462             1.8029346248
          361.7211535396             0.0021756979             0.1070522666             1.8035032133
          362.8611535396             0.0021620820             0.1061158749             1.8039689514
          364.0011535396             0.0021485935             0.1051870504             1.8043487707
          365.1411535396             0.0021352307             0.1042649612             1.8046571632
          366.2811535396             0.0021219921             0.1033493815             1.8049064631
          367.4211535396             0.0021088762             0.1024409396             1.8051071097
          368.5611535396             0.0020958813             0.1015386289             1.8052678901
          369.7011535396             0.0020830061             0.1006424439             1.8053961603
          370.8411535396             0.0020702491             0.0997528167             1.8054980452
          371.9811535396             0.0020576089             0.0988700415             1.8055786176
          373.1211535396             0.0020450840             0.0979935101             1.8056420561
          374.2611535396             0.0020326729             0.0971232832             1.8056917853
          375.4011535396             0.0020203745             0.0962601529             1.8057305970
          376.5411535396             0.0020081872             0.0954038877             1.8057607551
          377.6811535396             0.0019961098             0.0945541701             1.8057840863
          378.8211535396             0.0019841410             0.0937110797             1.8058020569
          379.9611535396             0.0019722794             0.0928757655             1.8058158378
          381.1011535396             0.0019605237             0.0920473722             1.8058263595
          382.2411535396             0.0019488728             0.0912258626             1.8058343576
          383.3811535396             0.0019373253             0.0904115085             1.8058404107
          384.5211535396             0.0019258801             0.0896052106             1.8058449717
          385.6611535396             0.0019145360             0.0888060126             1.8058483933
          386.8011535396             0.0019032917             0.0880139679             1.8058509489
          387.9411535396             0.0018921461             0.0872296589             1.8058528494
          389.0811535396             0.0018810981             0.0864533262             1.8058542564
          390.2211535396             0.0018701465             0.0856842776             1.8058552936
          391.3611535396             0.0018592901             0.0849225384             1.8058560547
          392.5011535396             0.0018485280             0.0841690016             1.8058566109
          393.6411535396             0.0018378590             0.0834232112             1.8058570155
          394.7811535396             0.0018272820             0.0826847667             1.8058573085
          395.9211535396             0.0018167960             0.0819536659             1.8058575198
          397.0611535396             0.0018063999             0.0812311042             1.8058576715
          398.2011535396             0.0017960927             0.0805159311             1.8058577799
          399.3411535396             0.0017858735             0.0798080541             1.8058578571
          400.4811535396             0.0017757412             0.0791077040             1.8058579118
          401.6211535396             0.0017656948             0.0784155930             1.8058579504
          402.7611535396             0.0017557333             0.0777306775             1.8058579775
          403.9011535396             0.0017458559             0.0770529184             1.8058579964
          405.0411535396             0.0017360615             0.0763828430             1.8058580096
          406.1811535396             0.0017263493             0.0757204853             1.8058580187
          407.3211535396             0.0017167183             0.0750651313             1.8058580250
          408.4611535396             0.0017071676             0.0744167286             1.8058580294
          409.6011535396             0.0016976963             0.0737760841             1.8058580323
          410.7411535396             0.0016883036             0.0731425943             1.8058580344
          411.8811535396             0.0016789886             0.0725158678             1.8058580357
          413.0211535396             0.0016697504             0.0718958440             1.8058580366
          414.1611535396             0.0016605881             0.0712835870             1.8058580373
          415.3011535396             0.0016515011             0.0706779074             1.8058580377
          416.4411535396             0.0016424884             0.0700787210             1.8058580380
          417.5811535396             0.0016335492             0.0694862310             1.8058580381
          418.7211535396             0.0016246828             0.0689009279             1.8058580383
          419.8611535396             0.0016158883             0.0683218991             1.8058580383
          421.0011535396             0.0016071649             0.0677490773             1.8058580384
          422.1411535396             0.0015985120             0.0671829261             1.8058580384
          423.2811535396             0.0015899287             0.0666233564             1.8058580385
          424.4211535396             0.0015814144             0.0660697699             1.8058580385
          425.5611535396             0.0015729682             0.0655220984             1.8058580385
          426.7011535396             0.0015645894             0.0649810416             1.8058580385
          427.8411535396             0.0015562774             0.0644459854             1.8058580385
          428.9811535396             0.0015480314             0.0639166210             1.8058580385
          430.1211535396             0.0015398507             0.0633929032             1.8058580385
          431.2611535396             0.0015317347             0.0628756780             1.8058580385
          432.4011535396             0.0015236826             0.0623639247             1.8058580385
          433.5411535396             0.0015156939             0.0618575774             1.8058580385
          434.6811535396             0.0015077677             0.0613568302             1.8058580385
          435.8211535396             0.0014999035             0.0608620053             1.8058580385
          436.9611535396             0.0014921007             0.0603723731             1.8058580385
          438.1011535396             0.0014843585             0.0598878702             1.8058580385
          439.2411535396             0.0014766765             0.0594089059             1.8058580385
          440.3811535396             0.0014690538             0.0589353301             1.8058580385
          441.5211535396             0.0014614900             0.0584666786             1.8058580385
          442.6611535396             0.0014539845             0.0580028904             1.8058580385
          443.8011535396             0.0014465366             0.0575445683             1.8058580385
          444.9411535396             0.0014391457             0.0570911376             1.8058580385
          446.0811535396             0.0014318113             0.0566423747             1.8058580385
          447.2211535396             0.0014245328             0.0561982710             1.8058580385
          448.3611535396             0.0014173096             0.0557594536             1.8058580385
          449.5011535396             0.0014101412             0.0553251160             1.8058580385
          450.6411535396             0.0014030270             0.0548952025             1.8058580385
          451.7811535396             0.0013959665             0.0544699001             1.8058580385
          452.9211535396             0.0013889591             0.0540494114             1.8058580385
          454.0611535396             0.0013820043             0.0536331687             1.8058580385
          455.2011535396             0.0013751016             0.0532211195             1.8058580385
          456.3411535396             0.0013682505             0.0528136264             1.8058580385
          457.4811535396             0.0013614504             0.0524105096             1.8058580385
