# Energy loss (meV)	Quasi-elastic (arb. units)	Magnetic excitations (arb. units)	dd excitations (arb. units)
         -225.2728586881             0.0055149164             0.0045324101             0.0000000000
         -224.1328586881             0.0055708006             0.0045900979             0.0000000000
         -222.9928586881             0.0056275367             0.0046480552             0.0000000000
         -221.8528586881             0.0056851421             0.0047062900             0.0000000000
         -220.7128586881             0.0057436346             0.0047648251             0.0000000000
         -219.5728586881             0.0058030324             0.0048236928             0.0000000000
         -218.4328586881             0.0058633542             0.0048828656             0.0000000000
         -217.2928586881             0.0059246194             0.0049423523             0.0000000000
         -216.1528586881             0.0059868476             0.0050021944             0.0000000000
         -215.0128586881             0.0060500591             0.0050623960             0.0000000000
         -213.8728586881             0.0061142746             0.0051229415             0.0000000000
         -212.7328586881             0.0061795155             0.0051838404             0.0000000000
         -211.5928586881             0.0062458037             0.0052451576             0.0000000000
         -210.4528586881             0.0063131616             0.0053068607             0.0000000000
         -209.3128586881             0.0063816124             0.0053689500             0.0000000000
         -208.1728586881             0.0064511797             0.0054314445             0.0000000000
         -207.0328586881             0.0065218878             0.0054944102             0.0000000000
         -205.8928586881             0.0065937620             0.0055577966             0.0000000000
         -204.7528586881             0.0066668277             0.0056216147             0.0000000000
         -203.6128586881             0.0067411114             0.0056859078             0.0000000000
         -202.4728586881             0.0068166404             0.0057507046             0.0000000000
         -201.3328586881             0.0068934425             0.0058159703             0.0000000000
         -200.1928586881             0.0069715463             0.0058817168             0.0000000000
         -199.0528586881             0.0070509815             0.0059480166             0.0000000000
         -197.9128586881             0.0071317784             0.0060148519             0.0000000000
         -196.7728586881             0.0072139681             0.0060822081             0.0000000000
         -195.6328586881             0.0072975827             0.0061500978             0.0000000000
         -194.4928586881             0.0073826554             0.0062186285             0.0000000000
         -193.3528586881             0.0074692201             0.0062877256             0.0000000000
         -192.2128586881             0.0075573118             0.0063573994             0.0000000000
         -191.0728586881             0.0076469665             0.0064276899             0.0000000000
         -189.9328586881             0.0077382213             0.0064986667             0.0000000000
         -188.7928586881             0.0078311144             0.0065702660             0.0000000000
         -187.6528586881             0.0079256851             0.0066425021             0.0000000000
         -186.5128586881             0.0080219739             0.0067154517             0.0000000000
         -185.3728586881             0.0081200227             0.0067891260             0.0000000000
         -184.2328586881             0.0082198742             0.0068634867             0.0000000000
         -183.0928586881             0.0083215731             0.0069385491             0.0000000000
         -181.9528586881             0.0084251648             0.0070144334             0.0000000000
         -180.8128586881             0.0085306965             0.0070910801             0.0000000000
         -179.6728586881             0.0086382168             0.0071684821             0.0000000000
         -178.5328586881             0.0087477758             0.0072466690             0.0000000000
         -177.3928586881             0.0088594253             0.0073257736             0.0000000000
         -176.2528586881             0.0089732184             0.0074056903             0.0000000000
         -175.1128586881             0.0090892103             0.0074864370             0.0000000000
         -173.9728586881             0.0092074578             0.0075680887             0.0000000000
         -172.8328586881             0.0093280195             0.0076507065             0.0000000000
         -171.6928586881             0.0094509560             0.0077342161             0.0000000000
         -170.5528586881             0.0095763298             0.0078186371             0.0000000000
         -169.4128586881             0.0097042055             0.0079040983             0.0000000000
         -168.2728586881             0.0098346499             0.0079905738             0.0000000000
         -167.1328586881             0.0099677320             0.0080780280             0.0000000000
         -165.9928586881             0.0101035231             0.0081664822             0.0000000000
         -164.8528586881             0.0102420969             0.0082561291             0.0000000000
         -163.7128586881             0.0103835297             0.0083468384             0.0000000000
         -162.5728586881             0.0105279003             0.0084386214             0.0000000000
         -161.4328586881             0.0106752903             0.0085315441             0.0000000000
         -160.2928586881             0.0108257841             0.0086257461             0.0000000000
         -159.1528586881             0.0109794692             0.0087211010             0.0000000000
         -158.0128586881             0.0111364360             0.0088176340             0.0000000000
         -156.8728586881             0.0112967781             0.0089154779             0.0000000000
         -155.7328586881             0.0114605927             0.0090146660             0.0000000000
         -154.5928586881             0.0116279802             0.0091151193             0.0000000000
         -153.4528586881             0.0117990448             0.0092168654             0.0000000000
         -152.3128586881             0.0119738946             0.0093201168             0.0000000000
         -151.1728586881             0.0121526414             0.0094247787             0.0000000000
         -150.0328586881             0.0123354013             0.0095308296             0.0000000000
         -148.8928586881             0.0125222949             0.0096383156             0.0000000000
         -147.7528586881             0.0127134471             0.0097474972             0.0000000000
         -146.6128586881             0.0129089876             0.0098581720             0.0000000000
         -145.4728586881             0.0131090510             0.0099703734             0.0000000000
         -144.3328586881             0.0133137772             0.0100842307             0.0000000000
         -143.1928586881             0.0135233114             0.0101998749             0.0000000000
         -142.0528586881             0.0137378045             0.0103171614             0.0000000000
         -140.9128586881             0.0139574135             0.0104361272             0.0000000000
         -139.7728586881             0.0141823013             0.0105570018             0.0000000000
         -138.6328586881             0.0144126375             0.0106797584             0.0000000000
         -137.4928586881             0.0146485985             0.0108043236             0.0000000000
         -136.3528586881             0.0148903679             0.0109307388             0.0000000000
         -135.2128586881             0.0151381368             0.0110593524             0.0000000000
         -134.0728586881             0.0153921040             0.0111899476             0.0000000000
         -132.9328586881             0.0156524768             0.0113225375             0.0000000000
         -131.7928586881             0.0159194709             0.0114572363             0.0000000000
         -130.6528586881             0.0161933114             0.0115943314             0.0000000000
         -129.5128586881             0.0164742328             0.0117335796             0.0000000000
         -128.3728586881             0.0167624798             0.0118750318             0.0000000000
         -127.2328586881             0.0170583074             0.0120189289             0.0000000000
         -126.0928586881             0.0173619819             0.0121653647             0.0000000000
         -124.9528586881             0.0176737815             0.0123141831             0.0000000000
         -123.8128586881             0.0179939964             0.0124654417             0.0000000000
         -122.6728586881             0.0183229300             0.0126195347             0.0000000000
         -121.5328586881             0.0186608993             0.0127763178             0.0000000000
         -120.3928586881             0.0190082357             0.0129357436             0.0000000000
         -119.2528586881             0.0193652859             0.0130978911             0.0000000000
         -118.1128586881             0.0197324127             0.0132632978             0.0000000000
         -116.9728586881             0.0201099956             0.0134315705             0.0000000000
         -115.8328586881             0.0204984322             0.0136027814             0.0000000000
         -114.6928586881             0.0208981390             0.0137771725             0.0000000000
         -113.5528586881             0.0213095525             0.0139550427             0.0000000000
         -112.4128586881             0.0217331302             0.0141361061             0.0000000000
         -111.2728586881             0.0221693521             0.0143204454             0.0000000000
         -110.1328586881             0.0226187218             0.0145085023             0.0000000000
         -108.9928586881             0.0230817681             0.0147002775             0.0000000000
         -107.8528586881             0.0235590463             0.0148956209             0.0000000000
         -106.7128586881             0.0240511398             0.0150946275             0.0000000000
         -105.5728586881             0.0245586621             0.0152979843             0.0000000000
         -104.4328586881             0.0250822582             0.0155053201             0.0000000000
         -103.2928586881             0.0256226071             0.0157166561             0.0000000000
         -102.1528586881             0.0261804234             0.0159322151             0.0000000000
         -101.0128586881             0.0267564599             0.0161526458             0.0000000000
          -99.8728586881             0.0273515099             0.0163774536             0.0000000000
          -98.7328586881             0.0279664098             0.0166067617             0.0000000000
          -97.5928586881             0.0286020423             0.0168410593             0.0000000000
          -96.4528586881             0.0292593390             0.0170806185             0.0000000000
          -95.3128586881             0.0299392838             0.0173251165             0.0000000000
          -94.1728586881             0.0306429169             0.0175746969             0.0000000000
          -93.0328586881             0.0313713383             0.0178301826             0.0000000000
          -91.8928586881             0.0321257126             0.0180913639             0.0000000000
          -90.7528586881             0.0329072733             0.0183581407             0.0000000000
          -89.6128586881             0.0337173287             0.0186306817             0.0000000000
          -88.4728586881             0.0345572672             0.0189102275             0.0000000000
          -87.3328586881             0.0354285649             0.0191959543             0.0000000000
          -86.1928586881             0.0363327931             0.0194880494             0.0000000000
          -85.0528586881             0.0372716271             0.0197870409             0.0000000000
          -83.9128586881             0.0382468578             0.0200937067             0.0000000000
          -82.7728586881             0.0392604037             0.0204074285             0.0000000000
          -81.6328586881             0.0403143276             0.0207284337             0.0000000000
          -80.4928586881             0.0414108551             0.0210577185             0.0000000000
          -79.3528586881             0.0425523990             0.0213954308             0.0000000000
          -78.2128586881             0.0437415897             0.0217412467             0.0000000000
          -77.0728586881             0.0449813129             0.0220954384             0.0000000000
          -75.9328586881             0.0462747588             0.0224596050             0.0000000000
          -74.7928586881             0.0476254837             0.0228330646             0.0000000000
          -73.6528586881             0.0490374892             0.0232158873             0.0000000000
          -72.5128586881             0.0505153239             0.0236086149             0.0000000000
          -71.3728586881             0.0520642118             0.0240129917             0.0000000000
          -70.2328586881             0.0536902172             0.0244278805             0.0000000000
          -69.0928586881             0.0554004523             0.0248536679             0.0000000000
          -67.9528586881             0.0572033398             0.0252915867             0.0000000000
          -66.8128586881             0.0591089410             0.0257425647             0.0000000000
          -65.6728586881             0.0611293660             0.0262058698             0.0000000000
          -64.5328586881             0.0632792797             0.0266819904             0.0000000000
          -63.3928586881             0.0655765234             0.0271731055             0.0000000000
          -62.2528586881             0.0680428721             0.0276790266             0.0000000000
          -61.1128586881             0.0707049482             0.0281996143             0.0000000000
          -59.9728586881             0.0735953147             0.0287355205             0.0000000000
          -58.8328586881             0.0767537700             0.0292902785             0.0000000000
          -57.6928586881             0.0802288665             0.0298621730             0.0000000000
          -56.5528586881             0.0840796704             0.0304519664             0.0000000000
          -55.4128586881             0.0883777790             0.0310614677             0.0000000000
          -54.2728586881             0.0932096027             0.0316937363             0.0000000000
          -53.1328586881             0.0986789099             0.0323474749             0.0000000000
          -51.9928586881             0.1049096235             0.0330240599             0.0000000000
          -50.8528586881             0.1120488392             0.0337274636             0.0000000000
          -49.7128586881             0.1202700208             0.0344596701             0.0000000000
          -48.5728586881             0.1297763046             0.0352207469             0.0000000000
          -47.4328586881             0.1408038204             0.0360131237             0.0000000000
          -46.2928586881             0.1536249144             0.0368448730             0.0000000000
          -45.1528586881             0.1685511250             0.0377161969             0.0000000000
          -44.0128586881             0.1859357416             0.0386298611             0.0000000000
          -42.8728586881             0.2061757456             0.0395912269             0.0000000000
          -41.7328586881             0.2297129104             0.0406141610             0.0000000000
          -40.5928586881             0.2570338208             0.0416973892             0.0000000000
          -39.4528586881             0.2886685579             0.0428483168             0.0000000000
          -38.3128586881             0.3251877992             0.0440810853             0.0000000000
          -37.1728586881             0.3671980898             0.0454117706             0.0000000000
          -36.0328586881             0.4153350693             0.0468435522             0.0000000000
          -34.8928586881             0.4702544777             0.0483899258             0.0000000000
          -33.7528586881             0.5326208196             0.0500830997             0.0000000000
          -32.6128586881             0.6030936428             0.0519375060             0.0000000000
          -31.4728586881             0.6823114711             0.0539655654             0.0000000000
          -30.3328586881             0.7708735365             0.0561903549             0.0000000000
          -29.1928586881             0.8693195644             0.0586786289             0.0000000000
          -28.0528586881             0.9781079814             0.0614302519             0.0000000000
          -26.9128586881             1.0975930270             0.0644755231             0.0000000000
          -25.7728586881             1.2280013537             0.0678646774             0.0000000000
          -24.6328586881             1.3694087851             0.0716829443             0.0000000000
          -23.4928586881             1.5217179592             0.0759281688             0.0000000000
          -22.3528586881             1.6846376098             0.0806485920             0.0000000000
          -21.2128586881             1.8576642228             0.0859467067             0.0000000000
          -20.0728586881             2.0400667466             0.0918923011             0.0000000000
          -18.9328586881             2.2308749347             0.0984977892             0.0000000000
          -17.7928586881             2.4288717732             0.1058264719             0.0000000000
          -16.6528586881             2.6325902979             0.1140611904             0.0000000000
          -15.5128586881             2.8403149864             0.1232068263             0.0000000000
          -14.3728586881             3.0500878477             0.1333035669             0.0000000000
          -13.2328586881             3.2597193878             0.1444355251             0.0000000000
          -12.0928586881             3.4668048591             0.1568607748             0.0000000000
          -10.9528586881             3.6687466451             0.1704810904             0.0000000000
           -9.8128586881             3.8627842828             0.1853700947             0.0000000000
           -8.6728586881             4.0460343842             0.2016834203             0.0000000000
           -7.5328586881             4.2155433544             0.2195846097             0.0000000000
           -6.3928586881             4.3683559248             0.2389810084             0.0000000000
           -5.2528586881             4.5016016406             0.2599327527             0.0000000000
           -4.1128586881             4.6125991276             0.2826738808             0.0000000000
           -2.9728586881             4.6989741363             0.3071933020             0.0000000000
           -1.8328586881             4.7587825557             0.3334200371             0.0000000000
           -0.6928586881             4.7906251307             0.3613825034             0.0000000000
            0.4471413119             4.7937382671             0.3913768850             0.0000000000
            1.5871413119             4.7680465983             0.4231648923             0.0000000000
            2.7271413119             4.7141682908             0.4567092030             0.0000000000
            3.8671413119             4.6333721504             0.4920460558             0.0000000000
            5.0071413119             4.5274939711             0.5293298868             0.0000000000
            6.1471413119             4.3988256334             0.5682680250             0.0000000000
            7.2871413119             4.2499926313             0.6088053734             0.0000000000
            8.4271413119             4.0838340438             0.6509939309             0.0000000000
            9.5671413119             3.9032948036             0.6947600810             0.0000000000
           10.7071413119             3.7113352532             0.7398743019             0.0000000000
           11.8471413119             3.5108588678             0.7862425966             0.0000000000
           12.9871413119             3.3046563716             0.8339001101             0.0000000000
           14.1271413119             3.0953633191             0.8826237674             0.0000000000
           15.2671413119             2.8854281550             0.9322509614             0.0000000000
           16.4071413119             2.6770883366             0.9826698986             0.0000000000
           17.5471413119             2.4723528529             1.0338552474             0.0000000000
           18.6871413119             2.2729901666             1.0855603722             0.0000000000
           19.8271413119             2.0805210933             1.1376676549             0.0000000000
           20.9671413119             1.8962164071             1.1900688496             0.0000000000
           22.1071413119             1.7210990495             1.2426378182             0.0000000000
           23.2471413119             1.5559507770             1.2952316912             0.0000000000
           24.3871413119             1.4013229713             1.3477417830             0.0000000000
           25.5271413119             1.2575511908             1.4000325474             0.0000000000
           26.6671413119             1.1247729107             1.4519887985             0.0000000000
           27.8071413119             1.0029477906             1.5035304947             0.0000000000
           28.9471413119             0.8918797419             1.5545669065             0.0000000000
           30.0871413119             0.7912400419             1.6049098197             0.0000000000
           31.2271413119             0.7005907584             1.6545434662             0.0000000000
           32.3671413119             0.6194078012             1.7034075297             0.0000000000
           33.5071413119             0.5471029953             1.7514088606             0.0000000000
           34.6471413119             0.4830446699             1.7983605134             0.0000000000
           35.7871413119             0.4265763723             1.8443320969             0.0000000000
           36.9271413119             0.3770334244             1.8892700579             0.0000000000
           38.0671413119             0.3337571573             1.9330403026             0.0000000000
           39.2071413119             0.2961067597             1.9755614639             0.0000000000
           40.3471413119             0.2634687691             2.0169034368             0.0000000000
           41.4871413119             0.2352643104             2.0570308346             0.0000000000
           42.6271413119             0.2109542478             2.0957534204             0.0000000000
           43.7671413119             0.1900424599             2.1331306185             0.0000000000
           44.9071413119             0.1720774742             2.1692021114             0.0000000000
           46.0471413119             0.1566527146             2.2039472986             0.0000000000
           47.1871413119             0.1434056131             2.2371128514             0.0000000000
           48.3271413119             0.1320158304             2.2689139240             0.0000000000
           49.4671413119             0.1222028133             2.2993411739             0.0000000000
           50.6071413119             0.1137228919             2.3283194531             0.0000000000
           51.7471413119             0.1063660980             2.3557310812             0.0000000000
           52.8871413119             0.0999528536             2.3817486678             0.0000000000
           54.0271413119             0.0943306546             2.4063708340             0.0000000000
           55.1671413119             0.0893708455             2.4294633315             0.0000000000
           56.3071413119             0.0849655583             2.4510559613             0.0000000000
           57.4471413119             0.0810248654             2.4712624799             0.0000000000
           58.5871413119             0.0774741786             2.4900895845             0.0000000000
           59.7271413119             0.0742519101             2.5073468741             0.0000000000
           60.8671413119             0.0713073991             2.5232068509             0.0000000000
           62.0071413119             0.0685990965             2.5377209556             0.0000000000
           63.1471413119             0.0660929966             2.5508758021             0.0000000000
           64.2871413119             0.0637612955             2.5625121579             0.0000000000
           65.4271413119             0.0615812566             2.5728518016             0.0000000000
           66.5671413119             0.0595342597             2.5819123813             0.0000000000
           67.7071413119             0.0576050120             2.5896266194             0.0000000000
           68.8471413119             0.0557808994             2.5959742545             0.0000000000
           69.9871413119             0.0540514565             2.6011088539             0.0000000000
           71.1271413119             0.0524079378             2.6050525821             0.0000000000
           72.2671413119             0.0508429730             2.6076928866             0.0000000000
           73.4071413119             0.0493502911             2.6091310798             0.0000000000
           74.5471413119             0.0479245021             2.6094574177             0.0000000000
           75.6871413119             0.0465609241             2.6086974133             0.0000000000
           76.8271413119             0.0452554467             2.6067037840             0.0000000000
           77.9671413119             0.0440044252             2.6036771986             0.0000000000
           79.1071413119             0.0428045962             2.5996524318             0.0000000000
           80.2471413119             0.0416530129             2.5946176647             0.0000000000
           81.3871413119             0.0405469935             2.5885210248             0.0000000000
           82.5271413119             0.0394840809             2.5815188382             0.0000000000
           83.6671413119             0.0384620115             2.5736397620             0.0000000000
           84.8071413119             0.0374786891             2.5648380583             0.0000000000
           85.9471413119             0.0365321657             2.5551554558             0.0000000000
           87.0871413119             0.0356206239             2.5446913270             0.0000000000
           88.2271413119             0.0347423646             2.5334746550             0.0000000000
           89.3671413119             0.0338957948             2.5214369368             0.0000000000
           90.5071413119             0.0330794187             2.5086882175             0.0000000000
           91.6471413119             0.0322918294             2.4952818704             0.0000000000
           92.7871413119             0.0315317021             2.4812375346             0.0000000000
           93.9271413119             0.0307977874             2.4665010193             0.0000000000
           95.0671413119             0.0300889066             2.4511995951             0.0000000000
           96.2071413119             0.0294039459             2.4353607314             0.0000000000
           97.3471413119             0.0287418527             2.4189808264             0.0000000000
           98.4871413119             0.0281016311             2.4020692778             0.0000000000
           99.6271413119             0.0274823387             2.3847081656             0.0000000000
          100.7671413119             0.0268830825             2.3669232079             0.0000000000
          101.9071413119             0.0263030163             2.3486975570             0.0000000000
          103.0471413119             0.0257413378             2.3300809801             0.0000000000
          104.1871413119             0.0251972857             2.3111218774             0.0000000000
          105.3271413119             0.0246701372             2.2918437833             0.0000000000
          106.4671413119             0.0241592060             2.2722253678             0.0000000000
          107.6071413119             0.0236638398             2.2523362010             0.0000000000
          108.7471413119             0.0231834187             2.2322016479             0.0000000000
          109.8871413119             0.0227173527             2.2118354435             0.0000000000
          111.0271413119             0.0222650807             2.1912411273             0.0000000000
          112.1671413119             0.0218260683             2.1704686535             0.0000000000
          113.3071413119             0.0213998066             2.1495371126             0.0000000000
          114.4471413119             0.0209858107             2.1284546148             0.0000000000
          115.5871413119             0.0205836182             2.1072424553             0.0000000000
          116.7271413119             0.0201927883             2.0859298932             0.0000000000
          117.8671413119             0.0198129002             2.0645334214             0.0000000000
          119.0071413119             0.0194435524             2.0430619177             0.0000000000
          120.1471413119             0.0190843615             2.0215395308             0.0000000000
          121.2871413119             0.0187349612             1.9999833999             0.0000000000
          122.4271413119             0.0183950014             1.9784074469             0.0000000000
          123.5671413119             0.0180641475             1.9568263711             0.0000000000
          124.7071413119             0.0177420795             1.9352554324             0.0000000000
          125.8471413119             0.0174284910             1.9137067337             0.0000000000
          126.9871413119             0.0171230891             1.8921945254             0.0000000000
          128.1271413119             0.0168255931             1.8707346298             0.0000000000
          129.2671413119             0.0165357342             1.8493331262             0.0000000000
          130.4071413119             0.0162532548             1.8279998739             0.0000000000
          131.5471413119             0.0159779082             1.8067535984             0.0000000000
          132.6871413119             0.0157094578             1.7856017561             0.0000000000
          133.8271413119             0.0154476764             1.7645472556             0.0000000000
          134.9671413119             0.0151923463             1.7435979298             0.0000000000
          136.1071413119             0.0149432585             1.7227799162             0.0000000000
          137.2471413119             0.0147002124             1.7020855127             0.0000000000
          138.3871413119             0.0144630152             1.6815190631             0.0000000000
          139.5271413119             0.0142314817             1.6610909359             0.0000000000
          140.6671413119             0.0140054341             1.6408235992             0.0000000000
          141.8071413119             0.0137847014             1.6207026882             0.0000000000
          142.9471413119             0.0135691190             1.6007330198             0.0000000000
          144.0871413119             0.0133585289             1.5809318938             0.0000000000
          145.2271413119             0.0131527789             1.5613066807             0.0000000000
          146.3671413119             0.0129517225             1.5418462447             0.0000000000
          147.5071413119             0.0127552187             1.5225540228             0.0000000000
          148.6471413119             0.0125631318             1.5034556880             0.0000000000
          149.7871413119             0.0123753310             1.4845402449             0.0000000000
          150.9271413119             0.0121916904             1.4658023563             0.0000000000
          152.0671413119             0.0120120885             1.4472449253             0.0000000000
          153.2071413119             0.0118364084             1.4289008527             0.0000000000
          154.3471413119             0.0116645372             1.4107409305             0.0000000000
          155.4871413119             0.0114963661             1.3927666721             0.0000000000
          156.6271413119             0.0113317900             1.3749892886             0.0000000000
          157.7671413119             0.0111707077             1.3574231785             0.0000000000
          158.9071413119             0.0110130215             1.3400463075             0.0000000000
          160.0471413119             0.0108586368             1.3228593638             0.0000000000
          161.1871413119             0.0107074626             1.3058822924             0.0000000000
          162.3271413119             0.0105594108             1.2891100370             0.0000000000
          163.4671413119             0.0104143964             1.2725288328             0.0000000000
          164.6071413119             0.0102723372             1.2561387042             0.0000000000
          165.7471413119             0.0101331537             1.2399683310             0.0000000000
          166.8871413119             0.0099967691             1.2239931644             0.0000000000
          168.0271413119             0.0098631092             1.2082082426             0.0000000000
          169.1671413119             0.0097321022             1.1926178344             0.0000000000
          170.3071413119             0.0096036785             1.1772447396             0.0000000000
          171.4471413119             0.0094777710             1.1620598538             0.0000000000
          172.5871413119             0.0093543145             1.1470623546             0.0000000000
          173.7271413119             0.0092332462             1.1322651280             0.0000000000
          174.8671413119             0.0091145049             1.1176718060             0.0000000000
          176.0071413119             0.0089980317             1.1032625902             0.0000000000
          177.1471413119             0.0088837693             1.0890363322             0.0000000000
          178.2871413119             0.0087716624             1.0750141106             0.0000000000
          179.4271413119             0.0086616572             1.0611812935             0.0000000000
          180.5671413119             0.0085537018             1.0475272246             0.0000000000
          181.7071413119             0.0084477456             1.0340505162             0.0000000001
          182.8471413119             0.0083437398             1.0207798628             0.0000000001
          183.9871413119             0.0082416369             1.0076835966             0.0000000002
          185.1271413119             0.0081413909             0.9947598137             0.0000000003
          186.2671413119             0.0080429573             0.9820149070             0.0000000004
          187.4071413119             0.0079462927             0.9694606686             0.0000000007
          188.5471413119             0.0078513551             0.9570736715             0.0000000011
          189.6871413119             0.0077581038             0.9448522703             0.0000000017
          190.8271413119             0.0076664991             0.9328103876             0.0000000027
          191.9671413119             0.0075765027             0.9209431209             0.0000000042
          193.1071413119             0.0074880772             0.9092358896             0.0000000065
          194.2471413119             0.0074011864             0.8976869755             0.0000000100
          195.3871413119             0.0073157950             0.8863171432             0.0000000154
          196.5271413119             0.0072318689             0.8751062611             0.0000000235
          197.6671413119             0.0071493748             0.8640479623             0.0000000357
          198.8071413119             0.0070682804             0.8531434118             0.0000000539
          199.9471413119             0.0069885544             0.8424107556             0.0000000809
          201.0871413119             0.0069101661             0.8318248949             0.0000001209
          202.2271413119             0.0068330858             0.8213840725             0.0000001795
          203.3671413119             0.0067572849             0.8110962529             0.0000002653
          204.5071413119             0.0066827350             0.8009646005             0.0000003899
          205.6471413119             0.0066094090             0.7909722098             0.0000005698
          206.7871413119             0.0065372803             0.7811173391             0.0000008284
          207.9271413119             0.0064663229             0.7714140498             0.0000011979
          209.0671413119             0.0063965118             0.7618520174             0.0000017229
          210.2071413119             0.0063278224             0.7524218121             0.0000024647
          211.3471413119             0.0062602309             0.7431217263             0.0000035070
          212.4871413119             0.0061937141             0.7339712339             0.0000049634
          213.6271413119             0.0061282493             0.7249479758             0.0000069871
          214.7671413119             0.0060638146             0.7160492823             0.0000097833
          215.9071413119             0.0060003885             0.7072785024             0.0000136257
          217.0471413119             0.0059379501             0.6986448429             0.0000188761
          218.1871413119             0.0058764790             0.6901303262             0.0000260107
          219.3271413119             0.0058159555             0.6817333374             0.0000356516
          220.4671413119             0.0057563601             0.6734626157             0.0000486069
          221.6071413119             0.0056976741             0.6653155130             0.0000659192
          222.7471413119             0.0056398790             0.6572807160             0.0000889250
          223.8871413119             0.0055829570             0.6493566736             0.0001193269
          225.0271413119             0.0055268906             0.6415568871             0.0001592790
          226.1671413119             0.0054716628             0.6338681839             0.0002114894
          227.3071413119             0.0054172570             0.6262852329             0.0002793397
          228.4471413119             0.0053636570             0.6188079859             0.0003670245
          229.5871413119             0.0053108469             0.6114498171             0.0004797117
          230.7271413119             0.0052588114             0.6041925753             0.0006237250
          231.8671413119             0.0052075354             0.5970348332             0.0008067491
          233.0071413119             0.0051570043             0.5899812762             0.0010380575
          234.1471413119             0.0051072037             0.5830349233             0.0013287625
          235.2871413119             0.0050581195             0.5761834823             0.0016920841
          236.4271413119             0.0050097383             0.5694255981             0.0021436358
          237.5671413119             0.0049620466             0.5627701312             0.0027017222
          238.7071413119             0.0049150314             0.5562109252             0.0033876417
          239.8471413119             0.0048686800             0.5497409277             0.0042259863
          240.9871413119             0.0048229800             0.5433588565             0.0052449285
          242.1271413119             0.0047779193             0.5370772323             0.0064764849
          243.2671413119             0.0047334860             0.5308818109             0.0079567404
          244.4071413119             0.0046896686             0.5247702055             0.0097260213
          245.5471413119             0.0046464557             0.5187441102             0.0118289983
          246.6871413119             0.0046038363             0.5128105199             0.0143147055
          247.8271413119             0.0045617996             0.5069568152             0.0172364557
          248.9671413119             0.0045203350             0.5011818392             0.0206516379
          250.1071413119             0.0044794322             0.4954909351             0.0246213806
          251.2471413119             0.0044390812             0.4898831187             0.0292100684
          252.3871413119             0.0043992720             0.4843503292             0.0344847026
          253.5271413119             0.0043599951             0.4788914779             0.0405140993
          254.6671413119             0.0043212409             0.4735151126             0.0473679249
          255.8071413119             0.0042830003             0.4682132077             0.0551155737
          256.9471413119             0.0042452643             0.4629817602             0.0638248983
          258.0871413119             0.0042080240             0.4578203175             0.0735608119
          259.2271413119             0.0041712708             0.4527385154             0.0843837861
          260.3671413119             0.0041349963             0.4477238533             0.0963482768
          261.5071413119             0.0040991922             0.4427753567             0.1095011154
          262.6471413119             0.0040638504             0.4378957556             0.1238799087
          263.7871413119             0.0040289629             0.4330877586             0.1395114959
          264.9271413119             0.0039945221             0.4283428143             0.1564105109
          266.0671413119             0.0039605204             0.4236600089             0.1745781036
          267.2071413119             0.0039269503             0.4190448736             0.1940008688
          268.3471413119             0.0038938047             0.4144939917             0.2146500300
          269.4871413119             0.0038610762             0.4100023305             0.2364809205
          270.6271413119             0.0038287581             0.4055690334             0.2594327953
          271.7671413119             0.0037968435             0.4012020877             0.2834290003
          272.9071413119             0.0037653257             0.3968926792             0.3083775119
          274.0471413119             0.0037341982             0.3926389009             0.3341718506
          275.1871413119             0.0037034545             0.3884415756             0.3606923586
          276.3271413119             0.0036730884             0.3843059596             0.3878078173
          277.4671413119             0.0036430937             0.3802233746             0.4153773724
          278.6071413119             0.0036134644             0.3761930582             0.4432527165
          279.7471413119             0.0035841947             0.3722182801             0.4712804770
          280.8871413119             0.0035552786             0.3682989698             0.4993047426
          282.0271413119             0.0035267107             0.3644294952             0.5271696602
          283.1671413119             0.0034984852             0.3606091427             0.5547220304
          284.3071413119             0.0034705967             0.3568433357             0.5818138298
          285.4471413119             0.0034430400             0.3531272940             0.6083045896
          286.5871413119             0.0034158097             0.3494580982             0.6340635695
          287.7271413119             0.0033889008             0.3458352045             0.6589716686
          288.8671413119             0.0033623082             0.3422655523             0.6829230294
          290.0071413119             0.0033360270             0.3387405831             0.7058262987
          291.1471413119             0.0033100524             0.3352596625             0.7276055249
          292.2871413119             0.0032843795             0.3318243841             0.7482006814
          293.4271413119             0.0032590038             0.3284370542             0.7675678183
          294.5671413119             0.0032339207             0.3250917500             0.7856788601
          295.7071413119             0.0032091257             0.3217878783             0.8025210719
          296.8471413119             0.0031846145             0.3185289206             0.8180962310
          297.9871413119             0.0031603826             0.3153130728             0.8324195460
          299.1271413119             0.0031364260             0.3121367654             0.8455183689
          300.2671413119             0.0031127404             0.3089994435             0.8574307529
          301.4071413119             0.0030893218             0.3059062519             0.8682039046
          302.5471413119             0.0030661661             0.3028517487             0.8778925831
          303.6871413119             0.0030432695             0.2998344614             0.8865574919
          304.8271413119             0.0030206282             0.2968547560             0.8942637070
          305.9671413119             0.0029982383             0.2939165822             0.9010791790
          307.1071413119             0.0029760961             0.2910139432             0.9070733403
          308.2471413119             0.0029541981             0.2881463459             0.9123158422
          309.3871413119             0.0029325405             0.2853158119             0.9168754391
          310.5271413119             0.0029111200             0.2825227011             0.9208190311
          311.6671413119             0.0028899331             0.2797630594             0.9242108697
          312.8071413119             0.0028689764             0.2770364258             0.9271119255
          313.9471413119             0.0028482466             0.2743462864             0.9295794112
          315.0871413119             0.0028277403             0.2716898117             0.9316664517
          316.2271413119             0.0028074546             0.2690648737             0.9334218870
          317.3671413119             0.0027873861             0.2664710408             0.9348901925
          318.5071413119             0.0027675317             0.2639130918             0.9361115019
          319.6471413119             0.0027478886             0.2613853698             0.9371217142
          320.7871413119             0.0027284536             0.2588873763             0.9379526688
          321.9271413119             0.0027092239             0.2564200436             0.9386323725
          323.0671413119             0.0026901965             0.2539852780             0.9391852636
          324.2071413119             0.0026713687             0.2515789323             0.9396325002
          325.3471413119             0.0026527376             0.2492006226             0.9399922600
          326.4871413119             0.0026343006             0.2468525720             0.9402800434
          327.6271413119             0.0026160549             0.2445338879             0.9405089700
          328.7671413119             0.0025979980             0.2422420147             0.9406900643
          329.9071413119             0.0025801272             0.2399765931             0.9408325236
          331.0471413119             0.0025624399             0.2377409903             0.9409439671
          332.1871413119             0.0025449337             0.2355318221             0.9410306625
          333.3271413119             0.0025276062             0.2333479584             0.9410977304
          334.4671413119             0.0025104548             0.2311895266             0.9411493259
          335.6071413119             0.0024934773             0.2290595131             0.9411887977
          336.7471413119             0.0024766712             0.2269537130             0.9412188265
          337.8871413119             0.0024600344             0.2248718062             0.9412415444
          339.0271413119             0.0024435644             0.2228150583             0.9412586358
          340.1671413119             0.0024272591             0.2207839966             0.9412714225
          341.3071413119             0.0024111164             0.2187758061             0.9412809357
          342.4471413119             0.0023951340             0.2167901866             0.9412879739
          343.5871413119             0.0023793098             0.2148294171             0.9412931521
          344.7271413119             0.0023636418             0.2128918273             0.9412969407
          345.8671413119             0.0023481280             0.2109758505             0.9412996972
          347.0071413119             0.0023327662             0.2090812054             0.9413016916
          348.1471413119             0.0023175545             0.2072110713             0.9413031265
          349.2871413119             0.0023024911             0.2053618171             0.9413041532
          350.4271413119             0.0022875739             0.2035329964             0.9413048837
          351.5671413119             0.0022728010             0.2017251531             0.9413054006
          352.7071413119             0.0022581707             0.1999398407             0.9413057642
          353.8471413119             0.0022436811             0.1981741064             0.9413060187
          354.9871413119             0.0022293303             0.1964276988             0.9413061958
          356.1271413119             0.0022151167             0.1947020599             0.9413063183
          357.2671413119             0.0022010385             0.1929968005             0.9413064026
          358.4071413119             0.0021870939             0.1913100578             0.9413064603
          359.5471413119             0.0021732814             0.1896415819             0.9413064996
          360.6871413119             0.0021595992             0.1879935616             0.9413065261
          361.8271413119             0.0021460456             0.1863637703             0.9413065440
          362.9671413119             0.0021326192             0.1847511777             0.9413065560
          364.1071413119             0.0021193183             0.1831555814             0.9413065639
          365.2471413119             0.0021061413             0.1815789557             0.9413065692
          366.3871413119             0.0020930867             0.1800183004             0.9413065726
          367.5271413119             0.0020801530             0.1784733623             0.9413065749
          368.6671413119             0.0020673388             0.1769448740             0.9413065764
          369.8071413119             0.0020546425             0.1754333566             0.9413065773
          370.9471413119             0.0020420627             0.1739368801             0.9413065780
          372.0871413119             0.0020295980             0.1724552559             0.9413065784
          373.2271413119             0.0020172470             0.1709899144             0.9413065786
          374.3671413119             0.0020050083             0.1695399318             0.9413065788
          375.5071413119             0.0019928805             0.1681042055             0.9413065789
          376.6471413119             0.0019808624             0.1666825618             0.9413065789
          377.7871413119             0.0019689526             0.1652770389             0.9413065790
          378.9271413119             0.0019571498             0.1638854079             0.9413065790
          380.0671413119             0.0019454527             0.1625073095             0.9413065790
          381.2071413119             0.0019338601             0.1611430455             0.9413065790
          382.3471413119             0.0019223708             0.1597938143             0.9413065790
          383.4871413119             0.0019109834             0.1584575985             0.9413065790
          384.6271413119             0.0018996969             0.1571342475             0.9413065790
          385.7671413119             0.0018885099             0.1558246708             0.9413065790
          386.9071413119             0.0018774215             0.1545287736             0.9413065790
          388.0471413119             0.0018664303             0.1532452643             0.9413065790
          389.1871413119             0.0018555353             0.1519740039             0.9413065790
          390.3271413119             0.0018447354             0.1507164525             0.9413065790
          391.4671413119             0.0018340294             0.1494713424             0.9413065790
          392.6071413119             0.0018234163             0.1482380412             0.9413065790
          393.7471413119             0.0018128949             0.1470165085             0.9413065790
          394.8871413119             0.0018024644             0.1458084405             0.9413065790
          396.0271413119             0.0017921235             0.1446117671             0.9413065790
          397.1671413119             0.0017818713             0.1434263677             0.9413065790
          398.3071413119             0.0017717067             0.1422527499             0.9413065790
          399.4471413119             0.0017616288             0.1410914504             0.9413065790
          400.5871413119             0.0017516366             0.1399410417             0.9413065790
          401.7271413119             0.0017417291             0.1388014121             0.9413065790
          402.8671413119             0.0017319054             0.1376735698             0.9413065790
          404.0071413119             0.0017221645             0.1365569904             0.9413065790
          405.1471413119             0.0017125055             0.1354508346             0.9413065790
          406.2871413119             0.0017029275             0.1343549986             0.9413065790
          407.4271413119             0.0016934296             0.1332709487             0.9413065790
          408.5671413119             0.0016840109             0.1321971875             0.9413065790
          409.7071413119             0.0016746704             0.1311334150             0.9413065790
          410.8471413119             0.0016654074             0.1300798218             0.9413065790
          411.9871413119             0.0016562210             0.1290374314             0.9413065790
          413.1271413119             0.0016471104             0.1280047152             0.9413065790
          414.2671413119             0.0016380747             0.1269815807             0.9413065790
          415.4071413119             0.0016291131             0.1259686750             0.9413065790
          416.5471413119             0.0016202247             0.1249660557             0.9413065790
          417.6871413119             0.0016114089             0.1239727226             0.9413065790
          418.8271413119             0.0016026648             0.1229885888             0.9413065790
          419.9671413119             0.0015939916             0.1220147208             0.9413065790
          421.1071413119             0.0015853886             0.1210502851             0.9413065790
          422.2471413119             0.0015768550             0.1200947691             0.9413065790
          423.3871413119             0.0015683901             0.1191481081             0.9413065790
          424.5271413119             0.0015599932             0.1182117018             0.9413065790
          425.6671413119             0.0015516634             0.1172839468             0.9413065790
          426.8071413119             0.0015434001             0.1163647633             0.9413065790
          427.9471413119             0.0015352027             0.1154545027             0.9413065790
          429.0871413119             0.0015270703             0.1145536821             0.9413065790
          430.2271413119             0.0015190024             0.1136611764             0.9413065790
          431.3671413119             0.0015109981             0.1127769094             0.9413065790
          432.5071413119             0.0015030570             0.1119016166             0.9413065790
          433.6471413119             0.0014951782             0.1110349974             0.9413065790
          434.7871413119             0.0014873612             0.1101763704             0.9413065790
          435.9271413119             0.0014796053             0.1093256625             0.9413065790
          437.0671413119             0.0014719099             0.1084839627             0.9413065790
          438.2071413119             0.0014642743             0.1076502145             0.9413065790
          439.3471413119             0.0014566980             0.1068241478             0.9413065790
          440.4871413119             0.0014491803             0.1060058707             0.9413065790
          441.6271413119             0.0014417205             0.1051962599             0.9413065790
          442.7671413119             0.0014343182             0.1043940990             0.9413065790
          443.9071413119             0.0014269728             0.1035993189             0.9413065790
          445.0471413119             0.0014196836             0.1028123789             0.9413065790
          446.1871413119             0.0014124500             0.1020334065             0.9413065790
          447.3271413119             0.0014052716             0.1012615905             0.9413065790
          448.4671413119             0.0013981477             0.1004968640             0.9413065790
          449.6071413119             0.0013910779             0.0997400093             0.9413065790
          450.7471413119             0.0013840615             0.0989904618             0.9413065790
          451.8871413119             0.0013770980             0.0982477861             0.9413065790
          453.0271413119             0.0013701869             0.0975119172             0.9413065790
          454.1671413119             0.0013633277             0.0967839339             0.9413065790
          455.3071413119             0.0013565199             0.0960626341             0.9413065790
          456.4471413119             0.0013497628             0.0953479297             0.9413065790
          457.5871413119             0.0013430562             0.0946400520             0.9413065790
          458.7271413119             0.0013363993             0.0939394133             0.9413065790
