# Energy loss (meV)	Quasi-elastic (arb. units)	Magnetic excitations (arb. units)	dd excitations (arb. units)
         -224.6016164997             0.0166997561             0.0207055711             0.0000000000
         -223.4616164997             0.0168688960             0.0208805500             0.0000000000
         -222.3216164997             0.0170406098             0.0210574557             0.0000000000
         -221.1816164997             0.0172149500             0.0212363267             0.0000000000
         -220.0416164997             0.0173919701             0.0214172025             0.0000000000
         -218.9016164997             0.0175717253             0.0216001232             0.0000000000
         -217.7616164997             0.0177542718             0.0217851298             0.0000000000
         -216.6216164997             0.0179396677             0.0219722643             0.0000000000
         -215.4816164997             0.0181279723             0.0221615693             0.0000000000
         -214.3416164997             0.0183192466             0.0223530885             0.0000000000
         -213.2016164997             0.0185135530             0.0225468667             0.0000000000
         -212.0616164997             0.0187109558             0.0227429495             0.0000000000
         -210.9216164997             0.0189115209             0.0229413835             0.0000000000
         -209.7816164997             0.0191153160             0.0231422166             0.0000000000
         -208.6416164997             0.0193224104             0.0233454977             0.0000000000
         -207.5016164997             0.0195328755             0.0235512770             0.0000000000
         -206.3616164997             0.0197467845             0.0237596057             0.0000000000
         -205.2216164997             0.0199642128             0.0239705364             0.0000000000
         -204.0816164997             0.0201852376             0.0241841231             0.0000000000
         -202.9416164997             0.0204099384             0.0244004212             0.0000000000
         -201.8016164997             0.0206383967             0.0246194873             0.0000000000
         -200.6616164997             0.0208706965             0.0248413799             0.0000000000
         -199.5216164997             0.0211069241             0.0250661587             0.0000000000
         -198.3816164997             0.0213471681             0.0252938854             0.0000000000
         -197.2416164997             0.0215915196             0.0255246230             0.0000000000
         -196.1016164997             0.0218400724             0.0257584368             0.0000000000
         -194.9616164997             0.0220929230             0.0259953937             0.0000000000
         -193.8216164997             0.0223501706             0.0262355627             0.0000000000
         -192.6816164997             0.0226119173             0.0264790147             0.0000000000
         -191.5416164997             0.0228782680             0.0267258231             0.0000000000
         -190.4016164997             0.0231493310             0.0269760633             0.0000000000
         -189.2616164997             0.0234252175             0.0272298133             0.0000000000
         -188.1216164997             0.0237060420             0.0274871536             0.0000000000
         -186.9816164997             0.0239919226             0.0277481674             0.0000000000
         -185.8416164997             0.0242829808             0.0280129407             0.0000000000
         -184.7016164997             0.0245793417             0.0282815626             0.0000000000
         -183.5616164997             0.0248811343             0.0285541251             0.0000000000
         -182.4216164997             0.0251884914             0.0288307238             0.0000000000
         -181.2816164997             0.0255015500             0.0291114576             0.0000000000
         -180.1416164997             0.0258204513             0.0293964294             0.0000000000
         -179.0016164997             0.0261453408             0.0296857458             0.0000000000
         -177.8616164997             0.0264763684             0.0299795177             0.0000000000
         -176.7216164997             0.0268136891             0.0302778605             0.0000000000
         -175.5816164997             0.0271574624             0.0305808941             0.0000000000
         -174.4416164997             0.0275078531             0.0308887438             0.0000000000
         -173.3016164997             0.0278650311             0.0312016119             0.0000000000
         -172.1616164997             0.0282291718             0.0315196052             0.0000000000
         -171.0216164997             0.0286004565             0.0318428295             0.0000000000
         -169.8816164997             0.0289790719             0.0321714340             0.0000000000
         -168.7416164997             0.0293652113             0.0325055745             0.0000000000
         -167.6016164997             0.0297590742             0.0328454144             0.0000000000
         -166.4616164997             0.0301608665             0.0331911249             0.0000000000
         -165.3216164997             0.0305708014             0.0335428856             0.0000000000
         -164.1816164997             0.0309890989             0.0339008853             0.0000000000
         -163.0416164997             0.0314159865             0.0342653220             0.0000000000
         -161.9016164997             0.0318516996             0.0346364044             0.0000000000
         -160.7616164997             0.0322964814             0.0350143518             0.0000000000
         -159.6216164997             0.0327505838             0.0353993956             0.0000000000
         -158.4816164997             0.0332142673             0.0357917796             0.0000000000
         -157.3416164997             0.0336878013             0.0361917610             0.0000000000
         -156.2016164997             0.0341714650             0.0365996115             0.0000000000
         -155.0616164997             0.0346655473             0.0370156182             0.0000000000
         -153.9216164997             0.0351703473             0.0374400848             0.0000000000
         -152.7816164997             0.0356861752             0.0378733323             0.0000000000
         -151.6416164997             0.0362133520             0.0383157010             0.0000000000
         -150.5016164997             0.0367522106             0.0387675510             0.0000000000
         -149.3616164997             0.0373030961             0.0392292642             0.0000000000
         -148.2216164997             0.0378663663             0.0397012457             0.0000000000
         -147.0816164997             0.0384423922             0.0401839249             0.0000000000
         -145.9416164997             0.0390315588             0.0406777578             0.0000000000
         -144.8016164997             0.0396342657             0.0411832283             0.0000000000
         -143.6616164997             0.0402509273             0.0417008507             0.0000000000
         -142.5216164997             0.0408819743             0.0422311707             0.0000000000
         -141.3816164997             0.0415278538             0.0427747687             0.0000000000
         -140.2416164997             0.0421890301             0.0433322609             0.0000000000
         -139.1016164997             0.0428659859             0.0439043025             0.0000000000
         -137.9616164997             0.0435592227             0.0444915897             0.0000000000
         -136.8216164997             0.0442692620             0.0450948622             0.0000000000
         -135.6816164997             0.0449966463             0.0457149066             0.0000000000
         -134.5416164997             0.0457419395             0.0463525581             0.0000000000
         -133.4016164997             0.0465057289             0.0470087044             0.0000000000
         -132.2616164997             0.0472886255             0.0476842885             0.0000000000
         -131.1216164997             0.0480912656             0.0483803118             0.0000000000
         -129.9816164997             0.0489143119             0.0490978372             0.0000000000
         -128.8416164997             0.0497584548             0.0498379933             0.0000000000
         -127.7016164997             0.0506244138             0.0506019771             0.0000000000
         -126.5616164997             0.0515129393             0.0513910582             0.0000000000
         -125.4216164997             0.0524248135             0.0522065826             0.0000000000
         -124.2816164997             0.0533608526             0.0530499762             0.0000000000
         -123.1416164997             0.0543219084             0.0539229585             0.0000000000
         -122.0016164997             0.0553088701             0.0548274252             0.0000000000
         -120.8616164997             0.0563226663             0.0557646366             0.0000000000
         -119.7216164997             0.0573642674             0.0567363867             0.0000000000
         -118.5816164997             0.0584346873             0.0577445706             0.0000000000
         -117.4416164997             0.0595349862             0.0587911893             0.0000000000
         -116.3016164997             0.0606662734             0.0598783540             0.0000000000
         -115.1616164997             0.0618297094             0.0610082906             0.0000000000
         -114.0216164997             0.0630265096             0.0621833441             0.0000000000
         -112.8816164997             0.0642579471             0.0634059835             0.0000000000
         -111.7416164997             0.0655253565             0.0646788058             0.0000000000
         -110.6016164997             0.0668301376             0.0660045410             0.0000000000
         -109.4616164997             0.0681737597             0.0673860564             0.0000000000
         -108.3216164997             0.0695577663             0.0688263612             0.0000000000
         -107.1816164997             0.0709837804             0.0703286110             0.0000000000
         -106.0416164997             0.0724535104             0.0718961119             0.0000000000
         -104.9016164997             0.0739687568             0.0735323252             0.0000000000
         -103.7616164997             0.0755314197             0.0752408719             0.0000000000
         -102.6216164997             0.0771435081             0.0770255362             0.0000000000
         -101.4816164997             0.0788071497             0.0788902705             0.0000000000
         -100.3416164997             0.0805246036             0.0808391990             0.0000000000
          -99.2016164997             0.0822982739             0.0828766217             0.0000000000
          -98.0616164997             0.0841307276             0.0850070187             0.0000000000
          -96.9216164997             0.0860247144             0.0872350536             0.0000000000
          -95.7816164997             0.0879831915             0.0895655777             0.0000000000
          -94.6416164997             0.0900093535             0.0920036332             0.0000000000
          -93.5016164997             0.0921066679             0.0945544573             0.0000000000
          -92.3616164997             0.0942789192             0.0972234855             0.0000000000
          -91.2216164997             0.0965302615             0.1000163554             0.0000000000
          -90.0816164997             0.0988652825             0.1029389097             0.0000000000
          -88.9416164997             0.1012890816             0.1059971999             0.0000000000
          -87.8016164997             0.1038073636             0.1091974900             0.0000000000
          -86.6616164997             0.1064265525             0.1125462596             0.0000000000
          -85.5216164997             0.1091539284             0.1160502073             0.0000000000
          -84.3816164997             0.1119977913             0.1197162545             0.0000000000
          -83.2416164997             0.1149676575             0.1235515489             0.0000000000
          -82.1016164997             0.1180744938             0.1275634677             0.0000000000
          -80.9616164997             0.1213309944             0.1317596219             0.0000000000
          -79.8216164997             0.1247519084             0.1361478596             0.0000000000
          -78.6816164997             0.1283544244             0.1407362705             0.0000000000
          -77.5416164997             0.1321586199             0.1455331892             0.0000000000
          -76.4016164997             0.1361879829             0.1505472003             0.0000000000
          -75.2616164997             0.1404700149             0.1557871420             0.0000000000
          -74.1216164997             0.1450369233             0.1612621113             0.0000000000
          -72.9816164997             0.1499264102             0.1669814683             0.0000000000
          -71.8416164997             0.1551825664             0.1729603625             0.0000000000
          -70.7016164997             0.1608568770             0.1792037714             0.0000000000
          -69.5616164997             0.1670093425             0.1857217252             0.0000000000
          -68.4216164997             0.1737097202             0.1925247063             0.0000000000
          -67.2816164997             0.1810388861             0.1996234867             0.0000000000
          -66.1416164997             0.1890903148             0.2070291344             0.0000000000
          -65.0016164997             0.1979716708             0.2147530192             0.0000000000
          -63.8616164997             0.2078065012             0.2228068183             0.0000000000
          -62.7216164997             0.2187360133             0.2312025228             0.0000000000
          -61.5816164997             0.2309209140             0.2399524435             0.0000000000
          -60.4416164997             0.2445432834             0.2490692170             0.0000000000
          -59.3016164997             0.2598084451             0.2585658119             0.0000000000
          -58.1616164997             0.2769467892             0.2684555343             0.0000000000
          -57.0216164997             0.2962154960             0.2787520341             0.0000000000
          -55.8816164997             0.3179000995             0.2894693104             0.0000000000
          -54.7416164997             0.3423158224             0.3006217165             0.0000000000
          -53.6016164997             0.3698086067             0.3122239656             0.0000000000
          -52.4616164997             0.4007557569             0.3242911349             0.0000000000
          -51.3216164997             0.4355661093             0.3368386701             0.0000000000
          -50.1816164997             0.4746796346             0.3498823890             0.0000000000
          -49.0416164997             0.5185663831             0.3634384850             0.0000000000
          -47.9016164997             0.5677246802             0.3775235292             0.0000000000
          -46.7616164997             0.6226784855             0.3921544727             0.0000000000
          -45.6216164997             0.6839738375             0.4073486474             0.0000000000
          -44.4816164997             0.7521743149             0.4231237662             0.0000000000
          -43.3416164997             0.8278554634             0.4394979227             0.0000000000
          -42.2016164997             0.9115981534             0.4564895893             0.0000000000
          -41.0616164997             1.0039808592             0.4741176146             0.0000000000
          -39.9216164997             1.1055708752             0.4924012196             0.0000000000
          -38.7816164997             1.2169145141             0.5113599928             0.0000000000
          -37.6416164997             1.3385263633             0.5310138839             0.0000000000
          -36.5016164997             1.4708777095             0.5513831962             0.0000000000
          -35.3616164997             1.6143842735             0.5724885778             0.0000000000
          -34.2216164997             1.7693934292             0.5943510110             0.0000000000
          -33.0816164997             1.9361711095             0.6169918004             0.0000000000
          -31.9416164997             2.1148886283             0.6404325595             0.0000000000
          -30.8016164997             2.3056096640             0.6646951949             0.0000000000
          -29.6616164997             2.5082776643             0.6898018900             0.0000000000
          -28.5216164997             2.7227039319             0.7157750854             0.0000000000
          -27.3816164997             2.9485566466             0.7426374585             0.0000000000
          -26.2416164997             3.1853510590             0.7704119006             0.0000000000
          -25.1016164997             3.4324410650             0.7991214918             0.0000000000
          -23.9616164997             3.6890123344             0.8287894740             0.0000000000
          -22.8216164997             3.9540771267             0.8594392215             0.0000000000
          -21.6816164997             4.2264708822             0.8911081086             0.0000000000
          -20.5416164997             4.5048506461             0.9238148895             0.0000000000
          -19.4016164997             4.7876953598             0.9575750167             0.0000000000
          -18.2616164997             5.0733080639             0.9924120460             0.0000000000
          -17.1216164997             5.3598201041             1.0283494765             0.0000000000
          -15.9816164997             5.6451975347             1.0654107049             0.0000000000
          -14.8416164997             5.9272500748             1.1036189762             0.0000000000
          -13.7016164997             6.2036432005             1.1429973314             0.0000000000
          -12.5616164997             6.4719142317             1.1835685521             0.0000000000
          -11.4216164997             6.7294935601             1.2253551010             0.0000000000
          -10.2816164997             6.9737324035             1.2683790584             0.0000000000
           -9.1416164997             7.2019385647             1.3126620561             0.0000000000
           -8.0016164997             7.4114215065             1.3582252053             0.0000000000
           -6.8616164997             7.5995475106             1.4050890219             0.0000000000
           -5.7216164997             7.7638046958             1.4532733468             0.0000000000
           -4.5816164997             7.9018762348             1.5027972611             0.0000000000
           -3.4416164997             8.0117183837             1.5536789974             0.0000000000
           -2.3016164997             8.0916382118             1.6059358459             0.0000000000
           -1.1616164997             8.1403646113             1.6595840555             0.0000000000
           -0.0216164997             8.1571056945             1.7146387297             0.0000000000
            1.1183835003             8.1415863637             1.7711137174             0.0000000000
            2.2583835003             8.0940616929             1.8290214986             0.0000000000
            3.3983835003             8.0153045143             1.8883730643             0.0000000000
            4.5383835003             7.9065687018             1.9491777917             0.0000000000
            5.6783835003             7.7695324195             2.0114433135             0.0000000000
            6.8183835003             7.6062275040             2.0751753825             0.0000000000
            7.9583835003             7.4189618656             2.1403777306             0.0000000000
            9.0983835003             7.2102413672             2.2070519232             0.0000000000
           10.2383835003             6.9826963516             2.2751972091             0.0000000000
           11.3783835003             6.7390162719             2.3448103651             0.0000000000
           12.5183835003             6.4818941471             2.4158855379             0.0000000000
           13.6583835003             6.2139811131             2.4884140814             0.0000000000
           14.7983835003             5.9378503332             2.5623843915             0.0000000000
           15.9383835003             5.6559689665             2.6377817382             0.0000000000
           17.0783835003             5.3706767190             2.7145880963             0.0000000000
           18.2183835003             5.0841695847             2.7927819752             0.0000000000
           19.3583835003             4.7984876191             2.8723382484             0.0000000000
           20.4983835003             4.5155058764             2.9532279847             0.0000000000
           21.6383835003             4.2369279175             3.0354182811             0.0000000000
           22.7783835003             3.9642815239             3.1188720992             0.0000000000
           23.9183835003             3.6989164222             3.2035481063             0.0000000000
           25.0583835003             3.4420039203             3.2894005231             0.0000000000
           26.1983835003             3.1945384137             3.3763789784             0.0000000000
           27.3383835003             2.9573407252             3.4644283739             0.0000000000
           28.4783835003             2.7310632236             3.5534945203             0.0000000000
           29.6183835003             2.5161966332             3.6435194752             0.0000000000
           30.7583835003             2.3130784032             3.7344173261             0.0000000000
           31.8983835003             2.1219024647             3.8261126309             0.0000000000
           33.0383835003             1.9427301694             3.9185247386             0.0000000000
           34.1783835003             1.7755021723             4.0115677494             0.0000000000
           35.3183835003             1.6200510057             4.1051504965             0.0000000000
           36.4583835003             1.4761140849             4.1991765522             0.0000000000
           37.5983835003             1.3433468843             4.2935442604             0.0000000000
           38.7383835003             1.2213360395             4.3881467965             0.0000000000
           39.8783835003             1.1096121432             4.4828722566             0.0000000000
           41.0183835003             1.0076620342             4.5776037779             0.0000000000
           42.1583835003             0.9149404015             4.6722196907             0.0000000000
           43.2983835003             0.8308805612             4.7665937052             0.0000000000
           44.4383835003             0.7549042962             4.8605951308             0.0000000000
           45.5783835003             0.6864306792             4.9540891318             0.0000000000
           46.7183835003             0.6248838347             5.0469370183             0.0000000000
           47.8583835003             0.5696996219             5.1389965724             0.0000000000
           48.9983835003             0.5203312479             5.2301224107             0.0000000000
           50.1383835003             0.4762538447             5.3201663812             0.0000000000
           51.2783835003             0.4369680612             5.4089779944             0.0000000000
           52.4183835003             0.4020027370             5.4964048885             0.0000000000
           53.5583835003             0.3709167367             5.5822933246             0.0000000000
           54.6983835003             0.3433000323             5.6664887128             0.0000000000
           55.8383835003             0.3187741233             5.7488361650             0.0000000000
           56.9783835003             0.2969918873             5.8291810718             0.0000000000
           58.1183835003             0.2776369534             5.9073697025             0.0000000000
           59.2583835003             0.2604226841             5.9832498210             0.0000000000
           60.3983835003             0.2450908513             6.0566713185             0.0000000000
           61.5383835003             0.2314100795             6.1274868549             0.0000000000
           62.6783835003             0.2191741272             6.1955525067             0.0000000000
           63.8183835003             0.2082000670             6.2607284171             0.0000000000
           64.9583835003             0.1983264156             6.3228794422             0.0000000000
           66.0983835003             0.1894112600             6.3818757895             0.0000000000
           67.2383835003             0.1813304164             6.4375936430             0.0000000000
           68.3783835003             0.1739756493             6.4899157713             0.0000000000
           69.5183835003             0.1672529758             6.5387321112             0.0000000000
           70.6583835003             0.1610810699             6.5839403246             0.0000000000
           71.7983835003             0.1553897781             6.6254463223             0.0000000000
           72.9383835003             0.1501187532             6.6631647501             0.0000000000
           74.0783835003             0.1452162086             6.6970194340             0.0000000000
           75.2183835003             0.1406377921             6.7269437789             0.0000000000
           76.3583835003             0.1363455762             6.7528811191             0.0000000000
           77.4983835003             0.1323071602             6.7747850149             0.0000000000
           78.6383835003             0.1284948774             6.7926194948             0.0000000000
           79.7783835003             0.1248850990             6.8062759754             0.0000000000
           80.9183835003             0.1214576283             6.8158176229             0.0000000000
           82.0583835003             0.1181951758             6.8212467978             0.0000000000
           83.1983835003             0.1150829071             6.8225713134             0.0000000000
           84.3383835003             0.1121080565             6.8198097589             0.0000000000
           85.4783835003             0.1092595971             6.8129913746             0.0000000000
           86.6183835003             0.1065279621             6.8021558677             0.0000000000
           87.7583835003             0.1039048089             6.7873531703             0.0000000000
           88.8983835003             0.1013828223             6.7686431422             0.0000000000
           90.0383835003             0.0989555484             6.7460952213             0.0000000000
           91.1783835003             0.0966172571             6.7197880240             0.0000000000
           92.3183835003             0.0943628281             6.6898089002             0.0000000000
           93.4583835003             0.0921876556             6.6562534470             0.0000000000
           94.5983835003             0.0900875705             6.6192249848             0.0000000000
           95.7383835003             0.0880587753             6.5788340001             0.0000000000
           96.8783835003             0.0860977912             6.5351975616             0.0000000000
           98.0183835003             0.0842014141             6.4884387120             0.0000000000
           99.1583835003             0.0823666782             6.4386858427             0.0000000000
          100.2983835003             0.0805908265             6.3860720552             0.0000000000
          101.4383835003             0.0788712855             6.3307345147             0.0000000000
          102.5783835003             0.0772056452             6.2728138002             0.0000000000
          103.7183835003             0.0755916413             6.2124532574             0.0000000000
          104.8583835003             0.0740271414             6.1497983564             0.0000000000
          105.9983835003             0.0725101321             6.0849960613             0.0000000000
          107.1383835003             0.0710387094             6.0181942141             0.0000000000
          108.2783835003             0.0696110692             5.9495409364             0.0000000000
          109.4183835003             0.0682254996             5.8791840542             0.0000000000
          110.5583835003             0.0668803747             5.8072705469             0.0000000000
          111.6983835003             0.0655741478             5.7339460239             0.0000000000
          112.8383835003             0.0643053471             5.6593542317             0.0000000000
          113.9783835003             0.0630725701             5.5836365931             0.0000000000
          115.1183835003             0.0618744800             5.5069317792             0.0000000000
          116.2583835003             0.0607098012             5.4293753172             0.0000000000
          117.3983835003             0.0595773163             5.3510992330             0.0000000000
          118.5383835003             0.0584758627             5.2722317305             0.0000000000
          119.6783835003             0.0574043294             5.1928969070             0.0000000000
          120.8183835003             0.0563616542             5.1132145046             0.0000000000
          121.9583835003             0.0553468214             5.0332996974             0.0000000000
          123.0983835003             0.0543588593             4.9532629137             0.0000000000
          124.2383835003             0.0533968375             4.8732096920             0.0000000000
          125.3783835003             0.0524598654             4.7932405700             0.0000000000
          126.5183835003             0.0515470899             4.7134510048             0.0000000000
          127.6583835003             0.0506576935             4.6339313234             0.0000000001
          128.7983835003             0.0497908925             4.5547667006             0.0000000001
          129.9383835003             0.0489459356             4.4760437265             0.0000000001
          131.0783835003             0.0481221020             4.3978375582             0.0000000001
          132.2183835003             0.0473187003             4.3202139125             0.0000000002
          133.3583835003             0.0465350668             4.2432373383             0.0000000003
          134.4983835003             0.0457705640             4.1669674925             0.0000000004
          135.6383835003             0.0450245802             4.0914592491             0.0000000005
          136.7783835003             0.0442965272             4.0167628245             0.0000000007
          137.9183835003             0.0435858401             3.9429239135             0.0000000009
          139.0583835003             0.0428919757             3.8699838384             0.0000000012
          140.1983835003             0.0422144118             3.7979797051             0.0000000016
          141.3383835003             0.0415526460             3.7269445683             0.0000000021
          142.4783835003             0.0409061950             3.6569076020             0.0000000028
          143.6183835003             0.0402745938             3.5878942736             0.0000000037
          144.7583835003             0.0396573945             3.5199265228             0.0000000049
          145.8983835003             0.0390541661             3.4530229401             0.0000000065
          147.0383835003             0.0384644934             3.3871989472             0.0000000086
          148.1783835003             0.0378879762             3.3224669763             0.0000000113
          149.3183835003             0.0373242292             3.2588366479             0.0000000148
          150.4583835003             0.0367728806             3.1963149462             0.0000000194
          151.5983835003             0.0362335723             3.1349063910             0.0000000254
          152.7383835003             0.0357059586             3.0746132061             0.0000000331
          153.8783835003             0.0351897063             3.0154354830             0.0000000431
          155.0183835003             0.0346844937             2.9573713396             0.0000000560
          156.1583835003             0.0341900105             2.9004170738             0.0000000726
          157.2983835003             0.0337059570             2.8445673107             0.0000000940
          158.4383835003             0.0332320440             2.7898151447             0.0000001213
          159.5783835003             0.0327679920             2.7361522747             0.0000001563
          160.7183835003             0.0323135310             2.6835691334             0.0000002010
          161.8583835003             0.0318684003             2.6320550103             0.0000002578
          162.9983835003             0.0314323478             2.5815981678             0.0000003300
          164.1383835003             0.0310051298             2.5321859512             0.0000004215
          165.2783835003             0.0305865108             2.4838048930             0.0000005373
          166.4183835003             0.0301762629             2.4364408096             0.0000006834
          167.5583835003             0.0297741656             2.3900788934             0.0000008673
          168.6983835003             0.0293800059             2.3447037980             0.0000010983
          169.8383835003             0.0289935772             2.3002997176             0.0000013880
          170.9783835003             0.0286146800             2.2568504617             0.0000017503
          172.1183835003             0.0282431208             2.2143395236             0.0000022024
          173.2583835003             0.0278787125             2.1727501437             0.0000027655
          174.3983835003             0.0275212737             2.1320653688             0.0000034651
          175.5383835003             0.0271706288             2.0922681056             0.0000043324
          176.6783835003             0.0268266075             2.0533411704             0.0000054052
          177.8183835003             0.0264890451             2.0152673341             0.0000067294
          178.9583835003             0.0261577816             1.9780293640             0.0000083602
          180.0983835003             0.0258326621             1.9416144185             0.0000103642
          181.2383835003             0.0255135365             1.9060134895             0.0000128211
          182.3783835003             0.0252002589             1.8711963482             0.0000158270
          183.5183835003             0.0248926880             1.8371460959             0.0000194961
          184.6583835003             0.0245906869             1.8038459858             0.0000239649
          185.7983835003             0.0242941224             1.7712794448             0.0000293957
          186.9383835003             0.0240028654             1.7394300922             0.0000359810
          188.0783835003             0.0237167907             1.7082817568             0.0000439485
          189.2183835003             0.0234357766             1.6778184916             0.0000535670
          190.3583835003             0.0231597049             1.6480245863             0.0000651528
          191.4983835003             0.0228884611             1.6188845780             0.0000790776
          192.6383835003             0.0226219336             1.5903832608             0.0000957763
          193.7783835003             0.0223600143             1.5625056932             0.0001157574
          194.9183835003             0.0221025980             1.5352372043             0.0001396131
          196.0583835003             0.0218495824             1.5085633985             0.0001680316
          197.1983835003             0.0216008684             1.4824701599             0.0002018107
          198.3383835003             0.0213563592             1.4569436546             0.0002418728
          199.4783835003             0.0211159612             1.4319703323             0.0002892813
          200.6183835003             0.0208795830             1.4075369275             0.0003452591
          201.7583835003             0.0206471358             1.3836304596             0.0004112089
          202.8983835003             0.0204185333             1.3602382320             0.0004887352
          204.0383835003             0.0201936915             1.3373478312             0.0005796682
          205.1783835003             0.0199725288             1.3149471246             0.0006860903
          206.3183835003             0.0197549655             1.2930242589             0.0008103641
          207.4583835003             0.0195409244             1.2715676566             0.0009551630
          208.5983835003             0.0193303300             1.2505660134             0.0011235033
          209.7383835003             0.0191231091             1.2300082944             0.0013187792
          210.8783835003             0.0189191902             1.2098837308             0.0015447992
          212.0183835003             0.0187185039             1.1901818155             0.0018058245
          213.1583835003             0.0185209824             1.1708922990             0.0021066092
          214.2983835003             0.0183265597             1.1520051852             0.0024524424
          215.4383835003             0.0181351716             1.1335107266             0.0028491906
          216.5783835003             0.0179467555             1.1153994197             0.0033033423
          217.7183835003             0.0177612504             1.0976620006             0.0038220521
          218.8583835003             0.0175785968             1.0802894396             0.0044131855
          219.9983835003             0.0173987369             1.0632729366             0.0050853633
          221.1383835003             0.0172216140             1.0466039165             0.0058480047
          222.2783835003             0.0170471732             1.0302740236             0.0067113691
          223.4183835003             0.0168753607             1.0142751173             0.0076865956
          224.5583835003             0.0167061242             0.9985992666             0.0087857390
          225.6983835003             0.0165394126             0.9832387459             0.0100218026
          226.8383835003             0.0163751761             0.9681860295             0.0114087655
          227.9783835003             0.0162133661             0.9534337870             0.0129616046
          229.1183835003             0.0160539351             0.9389748786             0.0146963094
          230.2583835003             0.0158968370             0.9248023503             0.0166298902
          231.3983835003             0.0157420265             0.9109147815             0.0187803760
          232.5383835003             0.0155894596             0.8973005034             0.0211668046
          233.6783835003             0.0154390933             0.8839525511             0.0238092003
          234.8183835003             0.0152908856             0.8708646779             0.0267285412
          235.9583835003             0.0151447955             0.8580308005             0.0299467140
          237.0983835003             0.0150007829             0.8454449938             0.0334864548
          238.2383835003             0.0148588088             0.8331014875             0.0373712769
          239.3783835003             0.0147188350             0.8209946616             0.0416253834
          240.5183835003             0.0145808242             0.8091190425             0.0462735657
          241.6583835003             0.0144447400             0.7974692989             0.0513410862
          242.7983835003             0.0143105467             0.7860402384             0.0568535460
          243.9383835003             0.0141782096             0.7748268033             0.0628367378
          245.0783835003             0.0140476947             0.7638240671             0.0693164837
          246.2183835003             0.0139189689             0.7530272309             0.0763184592
          247.3583835003             0.0137919996             0.7424316202             0.0838680041
          248.4983835003             0.0136667551             0.7320326810             0.0919899205
          249.6383835003             0.0135432044             0.7218259770             0.1007082610
          250.7783835003             0.0134213171             0.7118071860             0.1100461068
          251.9183835003             0.0133010637             0.7019720969             0.1200253392
          253.0583835003             0.0131824152             0.6923166066             0.1306664051
          254.1983835003             0.0130653430             0.6828367173             0.1419880806
          255.3383835003             0.0129498197             0.6735285330             0.1540072327
          256.4783835003             0.0128358179             0.6643882574             0.1667385847
          257.6183835003             0.0127233112             0.6554121904             0.1801944858
          258.7583835003             0.0126122736             0.6465967263             0.1943846887
          259.8983835003             0.0125026798             0.6379383504             0.2093161391
          261.0383835003             0.0123945047             0.6294336368             0.2249927776
          262.1783835003             0.0122877242             0.6210792462             0.2414153604
          263.3183835003             0.0121823144             0.6128719230             0.2585812984
          264.4583835003             0.0120782519             0.6048084935             0.2764845199
          265.5983835003             0.0119755141             0.5968858632             0.2951153580
          266.7383835003             0.0118740785             0.5891010150             0.3144604663
          267.8783835003             0.0117739233             0.5814510067             0.3345027636
          269.0183835003             0.0116750271             0.5739329693             0.3552214112
          270.1583835003             0.0115773689             0.5665441047             0.3765918218
          271.2983835003             0.0114809282             0.5592816838             0.3985857042
          272.4383835003             0.0113856849             0.5521430450             0.4211711408
          273.5783835003             0.0112916192             0.5451255916             0.4443127017
          274.7183835003             0.0111987119             0.5382267908             0.4679715921
          275.8583835003             0.0111069441             0.5314441715             0.4921058338
          276.9983835003             0.0110162973             0.5247753226             0.5166704797
          278.1383835003             0.0109267533             0.5182178918             0.5416178587
          279.2783835003             0.0108382943             0.5117695835             0.5668978491
          280.4183835003             0.0107509029             0.5054281573             0.5924581785
          281.5583835003             0.0106645621             0.4991926774             0.6182447472
          282.6983835003             0.0105792551             0.4930606531             0.6442019702
          283.8383835003             0.0104949655             0.4870290225             0.6702731367
          284.9783835003             0.0104116772             0.4810957555             0.6964007817
          286.1183835003             0.0103293745             0.4752588699             0.7225270649
          287.2583835003             0.0102480419             0.4695164306             0.7485941554
          288.3983835003             0.0101676642             0.4638665480             0.7745446150
          289.5383835003             0.0100882266             0.4583073771             0.8003217776
          290.6783835003             0.0100097145             0.4528371160             0.8258701204
          291.8183835003             0.0099321136             0.4474540052             0.8511356217
          292.9583835003             0.0098554099             0.4421563258             0.8760661035
          294.0983835003             0.0097795897             0.4369423992             0.9006115528
          295.2383835003             0.0097046394             0.4318105854             0.9247244207
          296.3783835003             0.0096305458             0.4267592823             0.9483598943
          297.5183835003             0.0095572960             0.4217869249             0.9714761409
          298.6583835003             0.0094848771             0.4168919837             0.9940345199
          299.7983835003             0.0094132768             0.4120729645             1.0159997636
          300.9383835003             0.0093424827             0.4073284070             1.0373401229
          302.0783835003             0.0092724828             0.4026568841             1.0580274791
          303.2183835003             0.0092032652             0.3980570009             1.0780374207
          304.3583835003             0.0091348185             0.3935273942             1.0973492856
          305.4983835003             0.0090671312             0.3890667312             1.1159461692
          306.6383835003             0.0090001921             0.3846737094             1.1338148996
          307.7783835003             0.0089339902             0.3803470549             1.1509459811
          308.9183835003             0.0088685149             0.3760855225             1.1673335085
          310.0583835003             0.0088037554             0.3718878947             1.1829750535
          311.1983835003             0.0087397015             0.3677529807             1.1978715255
          312.3383835003             0.0086763430             0.3636796162             1.2120270110
          313.4783835003             0.0086136698             0.3596666623             1.2254485920
          314.6183835003             0.0085516721             0.3557130054             1.2381461484
          315.7583835003             0.0084903402             0.3518175558             1.2501321460
          316.8983835003             0.0084296647             0.3479792478             1.2614214140
          318.0383835003             0.0083696363             0.3441970389             1.2720309149
          319.1783835003             0.0083102457             0.3404699090             1.2819795082
          320.3183835003             0.0082514841             0.3367968600             1.2912877139
          321.4583835003             0.0081933425             0.3331769153             1.2999774749
          322.5983835003             0.0081358123             0.3296091192             1.3080719231
          323.7383835003             0.0080788849             0.3260925366             1.3155951514
          324.8783835003             0.0080225520             0.3226262520             1.3225719918
          326.0183835003             0.0079668054             0.3192093695             1.3290278042
          327.1583835003             0.0079116369             0.3158410121             1.3349882752
          328.2983835003             0.0078570386             0.3125203214             1.3404792294
          329.4383835003             0.0078030027             0.3092464569             1.3455264540
          330.5783835003             0.0077495215             0.3060185957             1.3501555374
          331.7183835003             0.0076965874             0.3028361443             1.3543917226
          332.8583835003             0.0076441930             0.2996988276             1.3582597757
          333.9983835003             0.0075923310             0.2966051150             1.3617838699
          335.1383835003             0.0075409943             0.2935542512             1.3649874835
          336.2783835003             0.0074901757             0.2905454959             1.3678933143
          337.4183835003             0.0074398683             0.2875781242             1.3705232072
          338.5583835003             0.0073900654             0.2846514261             1.3728980967
          339.6983835003             0.0073407601             0.2817647061             1.3750379612
          340.8383835003             0.0072919459             0.2789172825             1.3769617914
          341.9783835003             0.0072436164             0.2761084877             1.3786875687
          343.1183835003             0.0071957650             0.2733376676             1.3802322551
          344.2583835003             0.0071483856             0.2706041810             1.3816117924
          345.3983835003             0.0071014720             0.2679073996             1.3828411102
          346.5383835003             0.0070550180             0.2652467079             1.3839341411
          347.6783835003             0.0070090178             0.2626215024             1.3849038431
          348.8183835003             0.0069634654             0.2600311916             1.3857622272
          349.9583835003             0.0069183550             0.2574751957             1.3865203903
          351.0983835003             0.0068736810             0.2549529463             1.3871885513
          352.2383835003             0.0068294377             0.2524638862             1.3877760911
          353.3783835003             0.0067856196             0.2500074691             1.3882915937
          354.5183835003             0.0067422214             0.2475831592             1.3887428904
          355.6583835003             0.0066992376             0.2451904313             1.3891371034
          356.7983835003             0.0066566630             0.2428287702             1.3894806908
          357.9383835003             0.0066144925             0.2404976706             1.3897794912
          359.0783835003             0.0065727209             0.2381966371             1.3900387674
          360.2183835003             0.0065313433             0.2359251835             1.3902632495
          361.3583835003             0.0064903547             0.2336828331             1.3904571765
          362.4983835003             0.0064497502             0.2314691182             1.3906243365
          363.6383835003             0.0064095251             0.2292835797             1.3907681051
          364.7783835003             0.0063696747             0.2271257674             1.3908914819
          365.9183835003             0.0063301943             0.2249952396             1.3909971248
          367.0583835003             0.0062910794             0.2228915626             1.3910873827
          368.1983835003             0.0062523255             0.2208143110             1.3911643252
          369.3383835003             0.0062139282             0.2187630672             1.3912297717
          370.4783835003             0.0061758830             0.2167374213             1.3912853165
          371.6183835003             0.0061381858             0.2147369709             1.3913323534
          372.7583835003             0.0061008323             0.2127613212             1.3913720972
          373.8983835003             0.0060638183             0.2108100843             1.3914056046
          375.0383835003             0.0060271397             0.2088828796             1.3914337915
          376.1783835003             0.0059907925             0.2069793333             1.3914574503
          377.3183835003             0.0059547728             0.2050990783             1.3914772644
          378.4583835003             0.0059190765             0.2032417543             1.3914938219
          379.5983835003             0.0058837000             0.2014070072             1.3915076274
          380.7383835003             0.0058486392             0.1995944894             1.3915191129
          381.8783835003             0.0058138906             0.1978038593             1.3915286470
          383.0183835003             0.0057794503             0.1960351837             1.3915365438
          384.1583835003             0.0057453149             0.1942877738             1.3915430700
          385.2983835003             0.0057114806             0.1925612496             1.3915484515
          386.4383835003             0.0056779441             0.1908552932             1.3915528793
          387.5783835003             0.0056447017             0.1891695925             1.3915565143
          388.7183835003             0.0056117500             0.1875038405             1.3915594919
          389.8583835003             0.0055790858             0.1858577357             1.3915619256
          390.9983835003             0.0055467056             0.1842309817             1.3915639103
          392.1383835003             0.0055146062             0.1826232871             1.3915655253
          393.2783835003             0.0054827844             0.1810343654             1.3915668365
          394.4183835003             0.0054512368             0.1794639351             1.3915678987
          395.5583835003             0.0054199606             0.1779117193             1.3915687573
          396.6983835003             0.0053889524             0.1763774458             1.3915694498
          397.8383835003             0.0053582093             0.1748608467             1.3915700071
          398.9783835003             0.0053277282             0.1733616588             1.3915704546
          400.1183835003             0.0052975062             0.1718796230             1.3915708131
          401.2583835003             0.0052675404             0.1704144845             1.3915710997
          402.3983835003             0.0052378279             0.1689659927             1.3915713284
          403.5383835003             0.0052083658             0.1675339010             1.3915715103
          404.6783835003             0.0051791514             0.1661179666             1.3915716548
          405.8183835003             0.0051501818             0.1647179506             1.3915717693
          406.9583835003             0.0051214544             0.1633336180             1.3915718598
          408.0983835003             0.0050929664             0.1619647374             1.3915719312
          409.2383835003             0.0050647152             0.1606110810             1.3915719874
          410.3783835003             0.0050366982             0.1592724243             1.3915720315
          411.5183835003             0.0050089128             0.1579485466             1.3915720661
          412.6583835003             0.0049813565             0.1566392304             1.3915720932
          413.7983835003             0.0049540267             0.1553442613             1.3915721142
          414.9383835003             0.0049269210             0.1540634283             1.3915721307
          416.0783835003             0.0049000370             0.1527965234             1.3915721434
          417.2183835003             0.0048733722             0.1515433419             1.3915721533
          418.3583835003             0.0048469243             0.1503036817             1.3915721610
          419.4983835003             0.0048206908             0.1490773439             1.3915721669
          420.6383835003             0.0047946696             0.1478641323             1.3915721714
          421.7783835003             0.0047688583             0.1466638537             1.3915721749
          422.9183835003             0.0047432547             0.1454763173             1.3915721776
          424.0583835003             0.0047178565             0.1443013351             1.3915721796
          425.1983835003             0.0046926616             0.1431387217             1.3915721812
          426.3383835003             0.0046676678             0.1419882944             1.3915721824
          427.4783835003             0.0046428730             0.1408498726             1.3915721833
          428.6183835003             0.0046182750             0.1397232783             1.3915721839
          429.7583835003             0.0045938718             0.1386083361             1.3915721845
          430.8983835003             0.0045696614             0.1375048726             1.3915721848
          432.0383835003             0.0045456417             0.1364127167             1.3915721851
          433.1783835003             0.0045218107             0.1353318262             1.3915721854
          434.3183835003             0.0044981664             0.1342620127             1.3915721855
          435.4583835003             0.0044747070             0.1332030000             1.3915721857
          436.5983835003             0.0044514304             0.1321546256             1.3915721857
          437.7383835003             0.0044283348             0.1311167293             1.3915721858
          438.8783835003             0.0044054184             0.1300891526             1.3915721859
          440.0183835003             0.0043826792             0.1290717392             1.3915721859
          441.1583835003             0.0043601155             0.1280643346             1.3915721859
          442.2983835003             0.0043377255             0.1270667860             1.3915721860
          443.4383835003             0.0043155073             0.1260789426             1.3915721860
          444.5783835003             0.0042934593             0.1251006553             1.3915721860
          445.7183835003             0.0042715796             0.1241317768             1.3915721860
          446.8583835003             0.0042498666             0.1231721617             1.3915721860
          447.9983835003             0.0042283187             0.1222216658             1.3915721860
          449.1383835003             0.0042069340             0.1212801471             1.3915721860
          450.2783835003             0.0041857111             0.1203474650             1.3915721860
          451.4183835003             0.0041646482             0.1194234803             1.3915721860
          452.5583835003             0.0041437438             0.1185080557             1.3915721860
          453.6983835003             0.0041229962             0.1176010553             1.3915721860
          454.8383835003             0.0041024040             0.1167023448             1.3915721860
          455.9783835003             0.0040819655             0.1158117914             1.3915721860
          457.1183835003             0.0040616793             0.1149292639             1.3915721860
          458.2583835003             0.0040415438             0.1140546325             1.3915721860
          459.3983835003             0.0040215575             0.1131876963             1.3915721860
