# Energy loss (meV)	Quasi-elastic (arb. units)	Magnetic excitations (arb. units)	dd excitations (arb. units)
         -225.9970613829             0.0201351430             0.0033192644             0.0000000000
         -224.8570613829             0.0203385277             0.0033540201             0.0000000000
         -223.7170613829             0.0205450028             0.0033891121             0.0000000000
         -222.5770613829             0.0207546313             0.0034245473             0.0000000000
         -221.4370613829             0.0209674774             0.0034603501             0.0000000000
         -220.2970613829             0.0211836074             0.0034965564             0.0000000000
         -219.1570613829             0.0214030888             0.0035331291             0.0000000000
         -218.0170613829             0.0216259912             0.0035700756             0.0000000000
         -216.8770613829             0.0218523859             0.0036074414             0.0000000000
         -215.7370613829             0.0220823461             0.0036452275             0.0000000000
         -214.5970613829             0.0223159468             0.0036834123             0.0000000000
         -213.4570613829             0.0225532652             0.0037220038             0.0000000000
         -212.3170613829             0.0227943802             0.0037610722             0.0000000000
         -211.1770613829             0.0230393732             0.0038005773             0.0000000000
         -210.0370613829             0.0232883276             0.0038405160             0.0000000000
         -208.8970613829             0.0235413290             0.0038809067             0.0000000000
         -207.7570613829             0.0237984653             0.0039218189             0.0000000000
         -206.6170613829             0.0240598270             0.0039631935             0.0000000000
         -205.4770613829             0.0243255069             0.0040050396             0.0000000000
         -204.3370613829             0.0245956004             0.0040474013             0.0000000000
         -203.1970613829             0.0248702055             0.0040903062             0.0000000000
         -202.0570613829             0.0251494230             0.0041337139             0.0000000000
         -200.9170613829             0.0254333566             0.0041776343             0.0000000000
         -199.7770613829             0.0257221127             0.0042221415             0.0000000000
         -198.6370613829             0.0260158008             0.0042672138             0.0000000000
         -197.4970613829             0.0263145337             0.0043128328             0.0000000000
         -196.3570613829             0.0266184271             0.0043590096             0.0000000000
         -195.2170613829             0.0269276003             0.0044058532             0.0000000000
         -194.0770613829             0.0272421760             0.0044532836             0.0000000000
         -192.9370613829             0.0275622804             0.0045013090             0.0000000000
         -191.7970613829             0.0278880434             0.0045499684             0.0000000000
         -190.6570613829             0.0282195988             0.0045993308             0.0000000000
         -189.5170613829             0.0285570843             0.0046493285             0.0000000000
         -188.3770613829             0.0289006417             0.0046999743             0.0000000000
         -187.2370613829             0.0292504171             0.0047513439             0.0000000000
         -186.0970613829             0.0296065611             0.0048034467             0.0000000000
         -184.9570613829             0.0299692286             0.0048562419             0.0000000000
         -183.8170613829             0.0303385795             0.0049097436             0.0000000000
         -182.6770613829             0.0307147783             0.0049640706             0.0000000000
         -181.5370613829             0.0310979950             0.0050191618             0.0000000000
         -180.3970613829             0.0314884046             0.0050750085             0.0000000000
         -179.2570613829             0.0318861875             0.0051316389             0.0000000000
         -178.1170613829             0.0322915300             0.0051891843             0.0000000000
         -176.9770613829             0.0327046243             0.0052475381             0.0000000000
         -175.8370613829             0.0331256684             0.0053067172             0.0000000000
         -174.6970613829             0.0335548671             0.0053667952             0.0000000000
         -173.5570613829             0.0339924313             0.0054278318             0.0000000000
         -172.4170613829             0.0344385793             0.0054897524             0.0000000000
         -171.2770613829             0.0348935361             0.0055525760             0.0000000000
         -170.1370613829             0.0353575343             0.0056164296             0.0000000000
         -168.9970613829             0.0358308142             0.0056812871             0.0000000000
         -167.8570613829             0.0363136239             0.0057471130             0.0000000000
         -166.7170613829             0.0368062200             0.0058139283             0.0000000000
         -165.5770613829             0.0373088678             0.0058819236             0.0000000000
         -164.4370613829             0.0378218416             0.0059509699             0.0000000000
         -163.2970613829             0.0383454248             0.0060210789             0.0000000000
         -162.1570613829             0.0388799110             0.0060923160             0.0000000000
         -161.0170613829             0.0394256035             0.0061648202             0.0000000000
         -159.8770613829             0.0399828167             0.0062384669             0.0000000000
         -158.7370613829             0.0405518756             0.0063132817             0.0000000000
         -157.5970613829             0.0411331169             0.0063893974             0.0000000000
         -156.4570613829             0.0417268893             0.0064668483             0.0000000000
         -155.3170613829             0.0423335539             0.0065455571             0.0000000000
         -154.1770613829             0.0429534849             0.0066255526             0.0000000000
         -153.0370613829             0.0435870703             0.0067070481             0.0000000000
         -151.8970613829             0.0442347119             0.0067899509             0.0000000000
         -150.7570613829             0.0448968267             0.0068742417             0.0000000000
         -149.6170613829             0.0455738470             0.0069599683             0.0000000000
         -148.4770613829             0.0462662214             0.0070473942             0.0000000000
         -147.3370613829             0.0469744153             0.0071363192             0.0000000000
         -146.1970613829             0.0476989118             0.0072267793             0.0000000000
         -145.0570613829             0.0484402126             0.0073189076             0.0000000000
         -143.9170613829             0.0491988386             0.0074128396             0.0000000000
         -142.7770613829             0.0499753309             0.0075084329             0.0000000000
         -141.6370613829             0.0507702520             0.0076057280             0.0000000000
         -140.4970613829             0.0515841863             0.0077049619             0.0000000000
         -139.3570613829             0.0524177417             0.0078061121             0.0000000000
         -138.2170613829             0.0532715502             0.0079091078             0.0000000000
         -137.0770613829             0.0541462694             0.0080139956             0.0000000000
         -135.9370613829             0.0550425837             0.0081211379             0.0000000000
         -134.7970613829             0.0559612055             0.0082303177             0.0000000000
         -133.6570613829             0.0569028765             0.0083415539             0.0000000000
         -132.5170613829             0.0578683696             0.0084549697             0.0000000000
         -131.3770613829             0.0588584898             0.0085708695             0.0000000000
         -130.2370613829             0.0598740765             0.0086890081             0.0000000000
         -129.0970613829             0.0609160046             0.0088094446             0.0000000000
         -127.9570613829             0.0619851869             0.0089324381             0.0000000000
         -126.8170613829             0.0630825756             0.0090580950             0.0000000000
         -125.6770613829             0.0642091648             0.0091862599             0.0000000000
         -124.5370613829             0.0653659922             0.0093170012             0.0000000000
         -123.3970613829             0.0665541417             0.0094507452             0.0000000000
         -122.2570613829             0.0677747460             0.0095873496             0.0000000000
         -121.1170613829             0.0690289890             0.0097267733             0.0000000000
         -119.9770613829             0.0703181085             0.0098691101             0.0000000000
         -118.8370613829             0.0716433994             0.0100149492             0.0000000000
         -117.6970613829             0.0730062169             0.0101638799             0.0000000000
         -116.5570613829             0.0744079794             0.0103159914             0.0000000000
         -115.4170613829             0.0758501728             0.0104715586             0.0000000000
         -114.2770613829             0.0773343534             0.0106309221             0.0000000000
         -113.1370613829             0.0788621530             0.0107937840             0.0000000000
         -111.9970613829             0.0804352822             0.0109602486             0.0000000000
         -110.8570613829             0.0820555359             0.0111308192             0.0000000000
         -109.7170613829             0.0837247975             0.0113055146             0.0000000000
         -108.5770613829             0.0854450449             0.0114841853             0.0000000000
         -107.4370613829             0.0872183555             0.0116669537             0.0000000000
         -106.2970613829             0.0890469126             0.0118546112             0.0000000000
         -105.1570613829             0.0909330117             0.0120467620             0.0000000000
         -104.0170613829             0.0928790677             0.0122434498             0.0000000000
         -102.8770613829             0.0948876220             0.0124449489             0.0000000000
         -101.7370613829             0.0969613506             0.0126520262             0.0000000000
         -100.5970613829             0.0991030728             0.0128641411             0.0000000000
          -99.4570613829             0.1013157604             0.0130814590             0.0000000000
          -98.3170613829             0.1036025472             0.0133045744             0.0000000000
          -97.1770613829             0.1059667406             0.0135338359             0.0000000000
          -96.0370613829             0.1084118325             0.0137688970             0.0000000000
          -94.8970613829             0.1109415120             0.0140099555             0.0000000000
          -93.7570613829             0.1135596796             0.0142580209             0.0000000000
          -92.6170613829             0.1162704619             0.0145128830             0.0000000000
          -91.4770613829             0.1190782280             0.0147744584             0.0000000000
          -90.3370613829             0.1219876082             0.0150429854             0.0000000000
          -89.1970613829             0.1250035143             0.0153200117             0.0000000000
          -88.0570613829             0.1281311626             0.0156045842             0.0000000000
          -86.9170613829             0.1313761007             0.0158969739             0.0000000000
          -85.7770613829             0.1347442372             0.0161978788             0.0000000000
          -84.6370613829             0.1382418780             0.0165083199             0.0000000000
          -83.4970613829             0.1418757686             0.0168275854             0.0000000000
          -82.3570613829             0.1456531445             0.0171560128             0.0000000000
          -81.2170613829             0.1495817939             0.0174949236             0.0000000000
          -80.0770613829             0.1536701346             0.0178445784             0.0000000000
          -78.9370613829             0.1579273093             0.0182046333             0.0000000000
          -77.7970613829             0.1623633073             0.0185755062             0.0000000000
          -76.6570613829             0.1669891171             0.0189593582             0.0000000000
          -75.5170613829             0.1718169216             0.0193553942             0.0000000000
          -74.3770613829             0.1768603475             0.0197637947             0.0000000000
          -73.2370613829             0.1821347833             0.0201853716             0.0000000000
          -72.0970613829             0.1876577862             0.0206225788             0.0000000000
          -70.9570613829             0.1934496002             0.0210740180             0.0000000000
          -69.8170613829             0.1995338140             0.0215403369             0.0000000000
          -68.6770613829             0.2059381934             0.0220233786             0.0000000000
          -67.5370613829             0.2126957282             0.0225246193             0.0000000000
          -66.3970613829             0.2198459421             0.0230432388             0.0000000000
          -65.2570613829             0.2274365196             0.0235801355             0.0000000000
          -64.1170613829             0.2355253131             0.0241387242             0.0000000000
          -62.9770613829             0.2441827998             0.0247190808             0.0000000000
          -61.8370613829             0.2534950641             0.0253213694             0.0000000000
          -60.6970613829             0.2635673859             0.0259469803             0.0000000000
          -59.5570613829             0.2745285186             0.0266019714             0.0000000000
          -58.4170613829             0.2865357376             0.0272843806             0.0000000000
          -57.2770613829             0.2997807355             0.0279961833             0.0000000000
          -56.1370613829             0.3144964299             0.0287413372             0.0000000000
          -54.9970613829             0.3309647267             0.0295264336             0.0000000000
          -53.8570613829             0.3495252613             0.0303506932             0.0000000000
          -52.7170613829             0.3705850943             0.0312182293             0.0000000000
          -51.5770613829             0.3946292999             0.0321388486             0.0000000000
          -50.4370613829             0.4222323168             0.0331192523             0.0000000000
          -49.2970613829             0.4540698680             0.0341624698             0.0000000000
          -48.1570613829             0.4909311688             0.0352768684             0.0000000000
          -47.0170613829             0.5337310543             0.0364853993             0.0000000000
          -45.8770613829             0.5835215555             0.0377932875             0.0000000000
          -44.7370613829             0.6415023561             0.0392121486             0.0000000000
          -43.5970613829             0.7090294549             0.0407611362             0.0000000000
          -42.4570613829             0.7876212697             0.0424852312             0.0000000000
          -41.3170613829             0.8789613367             0.0443873466             0.0000000000
          -40.1770613829             0.9848967009             0.0464953144             0.0000000000
          -39.0370613829             1.1074310676             0.0488590859             0.0000000000
          -37.8970613829             1.2487117942             0.0515365651             0.0000000000
          -36.7570613829             1.4110098613             0.0545444526             0.0000000000
          -35.6170613829             1.5966920741             0.0579323261             0.0000000000
          -34.4770613829             1.8081849145             0.0618129942             0.0000000000
          -33.3370613829             2.0479296956             0.0662395893             0.0000000000
          -32.1970613829             2.3183289628             0.0712569922             0.0000000000
          -31.0570613829             2.6216844255             0.0769448615             0.0000000000
          -29.9170613829             2.9601270946             0.0835295645             0.0000000000
          -28.7770613829             3.3355407114             0.0910068316             0.0000000000
          -27.6370613829             3.7494799799             0.0994730989             0.0000000000
          -26.4970613829             4.2030855133             0.1090874178             0.0000000000
          -25.3570613829             4.6969977667             0.1201170052             0.0000000000
          -24.2170613829             5.2312725054             0.1325345375             0.0000000000
          -23.0770613829             5.8053005330             0.1464737576             0.0000000000
          -21.9370613829             6.4177344397             0.1622286930             0.0000000000
          -20.7970613829             7.0664250203             0.1799750250             0.0000000000
          -19.6570613829             7.7483697387             0.1997042153             0.0000000000
          -18.5170613829             8.4596752045             0.2215556384             0.0000000000
          -17.3770613829             9.1955351272             0.2459888475             0.0000000000
          -16.2370613829             9.9502246927             0.2729350520             0.0000000000
          -15.0970613829            10.7171119226             0.3024207076             0.0000000000
          -13.9570613829            11.4886864797             0.3345763742             0.0000000000
          -12.8170613829            12.2566067990             0.3699268845             0.0000000000
          -11.6770613829            13.0117675438             0.4080932585             0.0000000000
          -10.5370613829            13.7443913071             0.4491150474             0.0000000000
           -9.3970613829            14.4441510849             0.4931748171             0.0000000000
           -8.2570613829            15.1003327983             0.5404121264             0.0000000000
           -7.1170613829            15.7020489832             0.5904374131             0.0000000000
           -5.9770613829            16.2385140822             0.6431601169             0.0000000000
           -4.8370613829            16.6993867657             0.6987133968             0.0000000000
           -3.6970613829            17.0751741084             0.7567860326             0.0000000000
           -2.5570613829            17.3576766919             0.8169924710             0.0000000000
           -1.4170613829            17.5404358263             0.8790789969             0.0000000000
           -0.2770613829            17.6191297455             0.9429528672             0.0000000000
            0.8629386171            17.5918613841             1.0080110726             0.0000000000
            2.0029386171            17.4592906063             1.0738572076             0.0000000000
            3.1429386171            17.2245877987             1.1400931747             0.0000000000
            4.2829386171            16.8932170290             1.2062174845             0.0000000000
            5.4229386171            16.4725856556             1.2717540497             0.0000000000
            6.5629386171            15.9716147006             1.3362621842             0.0000000000
            7.7029386171            15.4002868220             1.3991475518             0.0000000000
            8.8429386171            14.7692185177             1.4598657450             0.0000000000
            9.9829386171            14.0892862177             1.5181605529             0.0000000000
           11.1229386171            13.3713185691             1.5736542218             0.0000000000
           12.2629386171            12.6258539186             1.6255499711             0.0000000000
           13.4029386171            11.8629543459             1.6737626050             0.0000000000
           14.5429386171            11.0920650342             1.7181829889             0.0000000000
           15.6829386171            10.3219086030             1.7585835902             0.0000000000
           16.8229386171             9.5604065056             1.7940840987             0.0000000000
           17.9629386171             8.8146223687             1.8252746596             0.0000000000
           19.1029386171             8.0907244394             1.8520968371             0.0000000000
           20.2429386171             7.3939658158             1.8743026010             0.0000000000
           21.3829386171             6.7286818698             1.8916326915             0.0000000000
           22.5229386171             6.0983044002             1.9046965963             0.0000000000
           23.6629386171             5.5053917825             1.9136045063             0.0000000000
           24.8029386171             4.9516739095             1.9181032970             0.0000000000
           25.9429386171             4.4381101922             1.9185203405             0.0000000000
           27.0829386171             3.9649584290             1.9153409364             0.0000000000
           28.2229386171             3.5318520069             1.9087792836             0.0000000000
           29.3629386171             3.1378827085             1.8986214890             0.0000000000
           30.5029386171             2.7816863649             1.8855470952             0.0000000000
           31.6429386171             2.4615287052             1.8698738270             0.0000000000
           32.7829386171             2.1753889837             1.8517951096             0.0000000000
           33.9229386171             1.9210392916             1.8313434323             0.0000000000
           35.0629386171             1.6961178417             1.8090991781             0.0000000000
           36.2029386171             1.4981949351             1.7852957654             0.0000000000
           37.3429386171             1.3248307355             1.7600750414             0.0000000000
           38.4829386171             1.1736243826             1.7336670306             0.0000000000
           39.6229386171             1.0422543403             1.7063974964             0.0000000000
           40.7629386171             0.9285101949             1.6784513091             0.0000000000
           41.9029386171             0.8303163759             1.6499574657             0.0000000000
           43.0429386171             0.7457484744             1.6211350700             0.0000000000
           44.1829386171             0.6730429739             1.5921463099             0.0000000000
           45.3229386171             0.6106012892             1.5631157156             0.0000000000
           46.4629386171             0.5569890464             1.5341835296             0.0000000000
           47.6029386171             0.5109315240             1.5054446534             0.0000000000
           48.7429386171             0.4713061330             1.4769803984             0.0000000000
           49.8829386171             0.4371327423             1.4488804898             0.0000000000
           51.0229386171             0.4075625691             1.4212464114             0.0000000000
           52.1629386171             0.3818662546             1.3940784970             0.0000000000
           53.3029386171             0.3594216426             1.3674145127             0.0000000000
           54.4429386171             0.3397016798             1.3413385505             0.0000000000
           55.5829386171             0.3222627588             1.3158668953             0.0000000000
           56.7229386171             0.3067337392             1.2909720809             0.0000000000
           57.8629386171             0.2928058059             1.2666635627             0.0000000000
           59.0029386171             0.2802232597             1.2430327532             0.0000000000
           60.1429386171             0.2687752784             1.2200106062             0.0000000000
           61.2829386171             0.2582886486             1.1975766151             0.0000000000
           62.4229386171             0.2486214345             1.1757363592             0.0000000000
           63.5629386171             0.2396575266             1.1545567729             0.0000000000
           64.7029386171             0.2313019989             1.1339376079             0.0000000000
           65.8429386171             0.2234771961             1.1138669846             0.0000000000
           66.9829386171             0.2161194666             1.0943682119             0.0000000000
           68.1229386171             0.2091764606             1.0754434175             0.0000000000
           69.2629386171             0.2026049127             1.0570221962             0.0000000000
           70.4029386171             0.1963688392             1.0390899934             0.0000000000
           71.5429386171             0.1904380806             1.0216865812             0.0000000000
           72.6829386171             0.1847871342             1.0047649974             0.0000000000
           73.8229386171             0.1793942223             0.9882842255             0.0000000000
           74.9629386171             0.1742405544             0.9722299681             0.0000000000
           76.1029386171             0.1693097449             0.9566550963             0.0000000000
           77.2429386171             0.1645873554             0.9414779241             0.0000000000
           78.3829386171             0.1600605364             0.9266823394             0.0000000000
           79.5229386171             0.1557177461             0.9122704540             0.0000000000
           80.6629386171             0.1515485310             0.8982598151             0.0000000000
           81.8029386171             0.1475433538             0.8845900437             0.0000000000
           82.9429386171             0.1436934577             0.8712496923             0.0000000000
           84.0829386171             0.1399907591             0.8582557349             0.0000000000
           85.2229386171             0.1364277626             0.8455928823             0.0000000000
           86.3629386171             0.1329974913             0.8332246294             0.0000000000
           87.5029386171             0.1296934315             0.8211412753             0.0000000000
           88.6429386171             0.1265094864             0.8093708875             0.0000000000
           89.7829386171             0.1234399368             0.7978739724             0.0000000000
           90.9229386171             0.1204794091             0.7866326058             0.0000000000
           92.0629386171             0.1176228464             0.7756421396             0.0000000000
           93.2029386171             0.1148654843             0.7649282225             0.0000000000
           94.3429386171             0.1122028293             0.7544441850             0.0000000000
           95.4829386171             0.1096306389             0.7441829026             0.0000000000
           96.6229386171             0.1071449048             0.7341508543             0.0000000000
           97.7629386171             0.1047418370             0.7243500158             0.0000000000
           98.9029386171             0.1024178491             0.7147503693             0.0000000000
          100.0429386171             0.1001695459             0.7053459193             0.0000000000
          101.1829386171             0.0979937103             0.6961516466             0.0000000000
          102.3229386171             0.0958872932             0.6871513025             0.0000000000
          103.4629386171             0.0938474023             0.6783279801             0.0000000000
          104.6029386171             0.0918712932             0.6696766128             0.0000000000
          105.7429386171             0.0899563600             0.6612186459             0.0000000000
          106.8829386171             0.0881001272             0.6529238167             0.0000000000
          108.0229386171             0.0863002423             0.6447855503             0.0000000000
          109.1629386171             0.0845544683             0.6368049268             0.0000000000
          110.3029386171             0.0828606769             0.6289921268             0.0000000000
          111.4429386171             0.0812168428             0.6213222890             0.0000000000
          112.5829386171             0.0796210372             0.6137916057             0.0000000000
          113.7229386171             0.0780714229             0.6064076752             0.0000000000
          114.8629386171             0.0765662488             0.5991666681             0.0000000000
          116.0029386171             0.0751038456             0.5920531874             0.0000000000
          117.1429386171             0.0736826206             0.5850639679             0.0000000000
          118.2829386171             0.0723010542             0.5782117519             0.0000000000
          119.4229386171             0.0709576958             0.5714815435             0.0000000000
          120.5629386171             0.0696511597             0.5648656015             0.0000000000
          121.7029386171             0.0683801223             0.5583620942             0.0000000000
          122.8429386171             0.0671433183             0.5519848664             0.0000000000
          123.9829386171             0.0659395380             0.5457129730             0.0000000000
          125.1229386171             0.0647676241             0.5395438951             0.0000000000
          126.2629386171             0.0636264694             0.5334808881             0.0000000000
          127.4029386171             0.0625150139             0.5275268467             0.0000000000
          128.5429386171             0.0614322427             0.5216678739             0.0000000000
          129.6829386171             0.0603771835             0.5159017790             0.0000000000
          130.8229386171             0.0593489046             0.5102359509             0.0000000000
          131.9629386171             0.0583465128             0.5046643160             0.0000000000
          133.1029386171             0.0573691518             0.4991788073             0.0000000000
          134.2429386171             0.0564160000             0.4937775108             0.0000000000
          135.3829386171             0.0554862691             0.4884711748             0.0000000000
          136.5229386171             0.0545792026             0.4832463725             0.0000000000
          137.6629386171             0.0536940738             0.4780998712             0.0000000000
          138.8029386171             0.0528301849             0.4730322979             0.0000000000
          139.9429386171             0.0519868655             0.4680502085             0.0000000000
          141.0829386171             0.0511634713             0.4631410658             0.0000000000
          142.2229386171             0.0503593828             0.4583033467             0.0000000000
          143.3629386171             0.0495740044             0.4535410416             0.0000000000
          144.5029386171             0.0488067629             0.4488534244             0.0000000000
          145.6429386171             0.0480571072             0.4442325076             0.0000000000
          146.7829386171             0.0473245064             0.4396769446             0.0000000000
          147.9229386171             0.0466084497             0.4351935260             0.0000000000
          149.0629386171             0.0459084451             0.4307754220             0.0000000000
          150.2029386171             0.0452240186             0.4264184891             0.0000000000
          151.3429386171             0.0445547136             0.4221217346             0.0000000000
          152.4829386171             0.0439000900             0.4178936726             0.0000000000
          153.6229386171             0.0432597234             0.4137229609             0.0000000000
          154.7629386171             0.0426332047             0.4096085068             0.0000000000
          155.9029386171             0.0420201392             0.4055520891             0.0000000000
          157.0429386171             0.0414201461             0.4015562389             0.0000000000
          158.1829386171             0.0408328581             0.3976132404             0.0000000000
          159.3229386171             0.0402579205             0.3937221175             0.0000000000
          160.4629386171             0.0396949908             0.3898870006             0.0000000000
          161.6029386171             0.0391437383             0.3861053169             0.0000000000
          162.7429386171             0.0386038436             0.3823724620             0.0000000000
          163.8829386171             0.0380749980             0.3786875614             0.0000000000
          165.0229386171             0.0375569033             0.3750567417             0.0000000000
          166.1629386171             0.0370492711             0.3714730714             0.0000000001
          167.3029386171             0.0365518228             0.3679346208             0.0000000001
          168.4429386171             0.0360642888             0.3644417024             0.0000000002
          169.5829386171             0.0355864082             0.3609988413             0.0000000003
          170.7229386171             0.0351179290             0.3575986777             0.0000000005
          171.8629386171             0.0346586069             0.3542404855             0.0000000008
          173.0029386171             0.0342082058             0.3509265685             0.0000000012
          174.1429386171             0.0337664968             0.3476571474             0.0000000019
          175.2829386171             0.0333332587             0.3444274215             0.0000000030
          176.4229386171             0.0329082768             0.3412367344             0.0000000047
          177.5629386171             0.0324913435             0.3380891070             0.0000000072
          178.7029386171             0.0320822574             0.3349810308             0.0000000112
          179.8429386171             0.0316808236             0.3319099332             0.0000000171
          180.9829386171             0.0312868530             0.3288752192             0.0000000261
          182.1229386171             0.0309001622             0.3258823908             0.0000000396
          183.2629386171             0.0305205737             0.3229247061             0.0000000597
          184.4029386171             0.0301479151             0.3200015350             0.0000000896
          185.5429386171             0.0297820192             0.3171139054             0.0000001338
          186.6829386171             0.0294227240             0.3142638906             0.0000001986
          187.8229386171             0.0290698721             0.3114466501             0.0000002933
          188.9629386171             0.0287233108             0.3086616805             0.0000004307
          190.1029386171             0.0283828919             0.3059114948             0.0000006291
          191.2429386171             0.0280484715             0.3031949562             0.0000009141
          192.3829386171             0.0277199099             0.3005091024             0.0000013209
          193.5229386171             0.0273970715             0.2978534740             0.0000018985
          194.6629386171             0.0270798244             0.2952318809             0.0000027141
          195.8029386171             0.0267680408             0.2926403702             0.0000038594
          196.9429386171             0.0264615961             0.2900776349             0.0000054586
          198.0829386171             0.0261603695             0.2875438006             0.0000076792
          199.2229386171             0.0258642435             0.2850421715             0.0000107455
          200.3629386171             0.0255731039             0.2825679620             0.0000149561
          201.5029386171             0.0252868398             0.2801207784             0.0000207057
          202.6429386171             0.0250053430             0.2777020379             0.0000285134
          203.7829386171             0.0247285087             0.2753122644             0.0000390569
          204.9229386171             0.0244562346             0.2729482724             0.0000532154
          206.0629386171             0.0241884215             0.2706096999             0.0000721227
          207.2029386171             0.0239249726             0.2682991044             0.0000972313
          208.3429386171             0.0236657939             0.2660145463             0.0001303894
          209.4829386171             0.0234107937             0.2637542629             0.0001739342
          210.6229386171             0.0231598831             0.2615179208             0.0002308012
          211.7629386171             0.0229129751             0.2593090840             0.0003046532
          212.9029386171             0.0226699854             0.2571236298             0.0004000297
          214.0429386171             0.0224308316             0.2549610612             0.0005225191
          215.1829386171             0.0221954336             0.2528219909             0.0006789539
          216.3229386171             0.0219637133             0.2507081110             0.0008776300
          217.4629386171             0.0217355948             0.2486161237             0.0011285502
          218.6029386171             0.0215110039             0.2465457392             0.0014436901
          219.7429386171             0.0212898684             0.2444985758             0.0018372844
          220.8829386171             0.0210721180             0.2424741618             0.0023261302
          222.0229386171             0.0208576840             0.2404704318             0.0029299018
          223.1629386171             0.0206464997             0.2384871174             0.0036714700
          224.3029386171             0.0204384997             0.2365267327             0.0045772177
          225.4429386171             0.0202336206             0.2345868721             0.0056773402
          226.5829386171             0.0200318004             0.2326665755             0.0070061186
          227.7229386171             0.0198329785             0.2307658598             0.0086021509
          228.8629386171             0.0196370960             0.2288872384             0.0105085269
          230.0029386171             0.0194440955             0.2270273761             0.0127729264
          231.1429386171             0.0192539206             0.2251860376             0.0154476275
          232.2829386171             0.0190665167             0.2233641308             0.0185894030
          233.4229386171             0.0188818302             0.2215622596             0.0222592900
          234.5629386171             0.0186998091             0.2197781639             0.0265222174
          235.7029386171             0.0185204023             0.2180116249             0.0314464760
          236.8429386171             0.0183435601             0.2162643493             0.0371030237
          237.9829386171             0.0181692340             0.2145352230             0.0435646186
          239.1229386171             0.0179973765             0.2128229563             0.0509047812
          240.2629386171             0.0178279413             0.2111273452             0.0591965907
          241.4029386171             0.0176608833             0.2094508130             0.0685113285
          242.5429386171             0.0174961582             0.2077907000             0.0789169885
          243.6829386171             0.0173337229             0.2061465923             0.0904766816
          244.8229386171             0.0171735352             0.2045188572             0.1032469687
          245.9629386171             0.0170155539             0.2029088870             0.1172761620
          247.1029386171             0.0168597387             0.2013143050             0.1326026416
          248.2429386171             0.0167060503             0.1997349303             0.1492532387
          249.3829386171             0.0165544503             0.1981718446             0.1672417360
          250.5229386171             0.0164049009             0.1966249092             0.1865675433
          251.6629386171             0.0162573656             0.1950926038             0.2072145967
          252.8029386171             0.0161118082             0.1935747591             0.2291505342
          253.9429386171             0.0159681938             0.1920731015             0.2523261881
          255.0829386171             0.0158264878             0.1905861070             0.2766754319
          256.2229386171             0.0156866568             0.1891130324             0.3021154043
          257.3629386171             0.0155486678             0.1876538325             0.3285471275
          258.5029386171             0.0154124886             0.1862104748             0.3558565174
          259.6429386171             0.0152780879             0.1847805224             0.3839157765
          260.7829386171             0.0151454348             0.1833638240             0.4125851420
          261.9229386171             0.0150144991             0.1819609751             0.4417149514
          263.0629386171             0.0148852515             0.1805725746             0.4711479756
          264.2029386171             0.0147576631             0.1791969450             0.5007219581
          265.3429386171             0.0146317056             0.1778339441             0.5302722936
          266.4829386171             0.0145073514             0.1764847485             0.5596347715
          267.6229386171             0.0143845735             0.1751487127             0.5886483079
          268.7629386171             0.0142633453             0.1738248514             0.6171575922
          269.9029386171             0.0141436409             0.1725130311             0.6450155735
          271.0429386171             0.0140254350             0.1712149552             0.6720857227
          272.1829386171             0.0139087027             0.1699288466             0.6982440121
          273.3229386171             0.0137934195             0.1686543515             0.7233805643
          274.4629386171             0.0136795617             0.1673916859             0.7474009379
          275.6029386171             0.0135671059             0.1661420051             0.7702270260
          276.7429386171             0.0134560291             0.1649035295             0.7917975601
          277.8829386171             0.0133463091             0.1636761389             0.8120682249
          279.0229386171             0.0132379237             0.1624605740             0.8310113995
          280.1629386171             0.0131308515             0.1612568695             0.8486155558
          281.3029386171             0.0130250713             0.1600638650             0.8648843494
          282.4429386171             0.0129205625             0.1588814471             0.8798354499
          283.5829386171             0.0128173049             0.1577108344             0.8934991605
          284.7229386171             0.0127152785             0.1565510386             0.9059168795
          285.8629386171             0.0126144638             0.1554014660             0.9171394587
          287.0029386171             0.0125148419             0.1542620368             0.9272255110
          288.1429386171             0.0124163939             0.1531343225             0.9362397160
          289.2829386171             0.0123191016             0.1520164836             0.9442511696
          290.4229386171             0.0122229469             0.1509084173             0.9513318158
          291.5629386171             0.0121279122             0.1498105187             0.9575549927
          292.7029386171             0.0120339802             0.1487233483             0.9629941183
          293.8429386171             0.0119411338             0.1476456217             0.9677215329
          294.9829386171             0.0118493566             0.1465772420             0.9718075105
          296.1229386171             0.0117586321             0.1455190380             0.9753194414
          297.2629386171             0.0116689442             0.1444706438             0.9783211851
          298.4029386171             0.0115802774             0.1434312853             0.9808725874
          299.5429386171             0.0114926162             0.1424008706             0.9830291494
          300.6829386171             0.0114059454             0.1413806249             0.9848418356
          301.8229386171             0.0113202502             0.1403693343             0.9863570044
          302.9629386171             0.0112355160             0.1393666926             0.9876164431
          304.1029386171             0.0111517286             0.1383728204             0.9886574912
          305.2429386171             0.0110688739             0.1373886825             0.9895132319
          306.3829386171             0.0109869380             0.1364129108             0.9902127376
          307.5229386171             0.0109059076             0.1354454217             0.9907813522
          308.6629386171             0.0108257693             0.1344867302             0.9912409971
          309.8029386171             0.0107465101             0.1335369611             0.9916104887
          310.9429386171             0.0106681171             0.1325952063             0.9919058573
          312.0829386171             0.0105905779             0.1316613865             0.9921406593
          313.2229386171             0.0105138801             0.1307363785             0.9923262760
          314.3629386171             0.0104380116             0.1298195353             0.9924721943
          315.5029386171             0.0103629604             0.1289103725             0.9925862667
          316.6429386171             0.0102887149             0.1280088148             0.9926749473
          317.7829386171             0.0102152636             0.1271160704             0.9927435047
          318.9229386171             0.0101425952             0.1262307835             0.9927962104
          320.0629386171             0.0100706987             0.1253528599             0.9928365043
          321.2029386171             0.0099995632             0.1244825619             0.9928671379
          322.3429386171             0.0099291779             0.1236203995             0.9928902977
          323.4829386171             0.0098595324             0.1227653680             0.9929077097
          324.6229386171             0.0097906164             0.1219173985             0.9929207276
          325.7629386171             0.0097224197             0.1210770835             0.9929304061
          326.9029386171             0.0096549324             0.1202442301             0.9929375619
          328.0429386171             0.0095881446             0.1194182175             0.9929428231
          329.1829386171             0.0095220467             0.1185989804             0.9929466697
          330.3229386171             0.0094566293             0.1177874148             0.9929494666
          331.4629386171             0.0093918831             0.1169826801             0.9929514888
          332.6029386171             0.0093277989             0.1161845105             0.9929529427
          333.7429386171             0.0092643678             0.1153929652             0.9929539824
          334.8829386171             0.0092015808             0.1146088545             0.9929547216
          336.0229386171             0.0091394294             0.1138311063             0.9929552442
          337.1629386171             0.0090779050             0.1130596605             0.9929556118
          338.3029386171             0.0090169992             0.1122948784             0.9929558687
          339.4429386171             0.0089567037             0.1115369290             0.9929560474
          340.5829386171             0.0088970104             0.1107850891             0.9929561710
          341.7229386171             0.0088379113             0.1100393017             0.9929562560
          342.8629386171             0.0087793986             0.1093002059             0.9929563141
          344.0029386171             0.0087214645             0.1085673788             0.9929563536
          345.1429386171             0.0086641015             0.1078404203             0.9929563803
          346.2829386171             0.0086073021             0.1071192759             0.9929563982
          347.4229386171             0.0085510588             0.1064048409             0.9929564103
          348.5629386171             0.0084953646             0.1056961462             0.9929564183
          349.7029386171             0.0084402122             0.1049930902             0.9929564235
          350.8429386171             0.0083855948             0.1042958458             0.9929564270
          351.9829386171             0.0083315053             0.1036048696             0.9929564293
          353.1229386171             0.0082779370             0.1029193629             0.9929564308
          354.2629386171             0.0082248832             0.1022392750             0.9929564317
          355.4029386171             0.0081723375             0.1015650310             0.9929564323
          356.5429386171             0.0081202932             0.1008965350             0.9929564327
          357.6829386171             0.0080687441             0.1002332509             0.9929564330
          358.8229386171             0.0080176839             0.0995750390             0.9929564331
          359.9629386171             0.0079671064             0.0989222018             0.9929564332
          361.1029386171             0.0079170057             0.0982734802             0.9929564333
          362.2429386171             0.0078673756             0.0976275949             0.9929564333
          363.3829386171             0.0078182104             0.0969832680             0.9929564334
          364.5229386171             0.0077695043             0.0963394902             0.9929564334
          365.6629386171             0.0077212515             0.0956958693             0.9929564334
          366.8029386171             0.0076734465             0.0950526914             0.9929564334
          367.9429386171             0.0076260837             0.0944106264             0.9929564334
          369.0829386171             0.0075791578             0.0937705675             0.9929564334
          370.2229386171             0.0075326633             0.0931330441             0.9929564334
          371.3629386171             0.0074865950             0.0924986527             0.9929564334
          372.5029386171             0.0074409477             0.0918683656             0.9929564334
          373.6429386171             0.0073957163             0.0912424964             0.9929564334
          374.7829386171             0.0073508957             0.0906211225             0.9929564334
          375.9229386171             0.0073064811             0.0900044862             0.9929564334
          377.0629386171             0.0072624675             0.0893935787             0.9929564334
          378.2029386171             0.0072188500             0.0887878119             0.9929564334
          379.3429386171             0.0071756241             0.0881871867             0.9929564334
          380.4829386171             0.0071327850             0.0875919241             0.9929564334
          381.6229386171             0.0070903280             0.0870025812             0.9929564334
          382.7629386171             0.0070482488             0.0864184200             0.9929564334
          383.9029386171             0.0070065427             0.0858394147             0.9929564334
          385.0429386171             0.0069652055             0.0852659555             0.9929564334
          386.1829386171             0.0069242327             0.0846980198             0.9929564334
          387.3229386171             0.0068836202             0.0841350922             0.9929564334
          388.4629386171             0.0068433637             0.0835771171             0.9929564334
          389.6029386171             0.0068034590             0.0830246808             0.9929564334
          390.7429386171             0.0067639021             0.0824772642             0.9929564334
          391.8829386171             0.0067246890             0.0819346037             0.9929564334
          393.0229386171             0.0066858157             0.0813966740             0.9929564334
          394.1629386171             0.0066472782             0.0808641436             0.9929564334
          395.3029386171             0.0066090727             0.0803361705             0.9929564334
          396.4429386171             0.0065711954             0.0798126958             0.9929564334
          397.5829386171             0.0065336426             0.0792939101             0.9929564334
          398.7229386171             0.0064964106             0.0787800136             0.9929564334
          399.8629386171             0.0064594957             0.0782704284             0.9929564334
          401.0029386171             0.0064228944             0.0777651000             0.9929564334
          402.1429386171             0.0063866030             0.0772644147             0.9929564334
          403.2829386171             0.0063506182             0.0767681547             0.9929564334
          404.4229386171             0.0063149365             0.0762759804             0.9929564334
          405.5629386171             0.0062795544             0.0757878426             0.9929564334
          406.7029386171             0.0062444687             0.0753043038             0.9929564334
          407.8429386171             0.0062096760             0.0748247706             0.9929564334
          408.9829386171             0.0061751731             0.0743491184             0.9929564334
          410.1229386171             0.0061409568             0.0738774137             0.9929564334
          411.2629386171             0.0061070239             0.0734100444             0.9929564334
          412.4029386171             0.0060733714             0.0729464117             0.9929564334
          413.5429386171             0.0060399960             0.0724864737             0.9929564334
          414.6829386171             0.0060068948             0.0720304730             0.9929564334
          415.8229386171             0.0059740649             0.0715784251             0.9929564334
          416.9629386171             0.0059415031             0.0711299398             0.9929564334
          418.1029386171             0.0059092067             0.0706849789             0.9929564334
          419.2429386171             0.0058771728             0.0702439451             0.9929564334
          420.3829386171             0.0058453985             0.0698065142             0.9929564334
          421.5229386171             0.0058138810             0.0693724864             0.9929564334
          422.6629386171             0.0057826176             0.0689418328             0.9929564334
          423.8029386171             0.0057516055             0.0685150822             0.9929564334
          424.9429386171             0.0057208421             0.0680916202             0.9929564334
          426.0829386171             0.0056903247             0.0676714136             0.9929564334
          427.2229386171             0.0056600506             0.0672545927             0.9929564334
          428.3629386171             0.0056300174             0.0668413502             0.9929564334
          429.5029386171             0.0056002225             0.0664312569             0.9929564334
          430.6429386171             0.0055706634             0.0660242819             0.9929564334
          431.7829386171             0.0055413375             0.0656207012             0.9929564334
          432.9229386171             0.0055122424             0.0652203989             0.9929564334
          434.0629386171             0.0054833758             0.0648231158             0.9929564334
          435.2029386171             0.0054547352             0.0644288230             0.9929564334
          436.3429386171             0.0054263183             0.0640379303             0.9929564334
          437.4829386171             0.0053981227             0.0636500377             0.9929564334
          438.6229386171             0.0053701462             0.0632650428             0.9929564334
          439.7629386171             0.0053423865             0.0628829856             0.9929564334
          440.9029386171             0.0053148414             0.0625041965             0.9929564334
          442.0429386171             0.0052875086             0.0621282165             0.9929564334
          443.1829386171             0.0052603861             0.0617550196             0.9929564334
          444.3229386171             0.0052334716             0.0613847793             0.9929564334
          445.4629386171             0.0052067630             0.0610175442             0.9929564334
          446.6029386171             0.0051802582             0.0606530088             0.9929564334
          447.7429386171             0.0051539552             0.0602911487             0.9929564334
          448.8829386171             0.0051278519             0.0599322603             0.9929564334
          450.0229386171             0.0051019463             0.0595761315             0.9929564334
          451.1629386171             0.0050762364             0.0592225994             0.9929564334
          452.3029386171             0.0050507203             0.0588716405             0.9929564334
          453.4429386171             0.0050253960             0.0585236648             0.9929564334
          454.5829386171             0.0050002616             0.0581782194             0.9929564334
          455.7229386171             0.0049753151             0.0578352727             0.9929564334
          456.8629386171             0.0049505548             0.0574949144             0.9929564334
          458.0029386171             0.0049259788             0.0571572815             0.9929564334
