# Energy loss (meV)	Quasi-elastic (arb. units)	Magnetic excitations (arb. units)	dd excitations (arb. units)
         -225.0394514113             0.0052167302             0.0053432707             0.0000000000
         -223.8994514113             0.0052696474             0.0054068895             0.0000000000
         -222.7594514113             0.0053233720             0.0054708875             0.0000000000
         -221.6194514113             0.0053779206             0.0055352748             0.0000000000
         -220.4794514113             0.0054333102             0.0056000817             0.0000000000
         -219.3394514113             0.0054895579             0.0056653523             0.0000000000
         -218.1994514113             0.0055466816             0.0057310465             0.0000000000
         -217.0594514113             0.0056046996             0.0057971752             0.0000000000
         -215.9194514113             0.0056636305             0.0058637944             0.0000000000
         -214.7794514113             0.0057234935             0.0059309077             0.0000000000
         -213.6394514113             0.0057843085             0.0059984923             0.0000000000
         -212.4994514113             0.0058460956             0.0060665597             0.0000000000
         -211.3594514113             0.0059088756             0.0061351963             0.0000000000
         -210.2194514113             0.0059726698             0.0062043566             0.0000000000
         -209.0794514113             0.0060375002             0.0062740391             0.0000000000
         -207.9394514113             0.0061033892             0.0063442680             0.0000000000
         -206.7994514113             0.0061703601             0.0064151301             0.0000000000
         -205.6594514113             0.0062384364             0.0064865558             0.0000000000
         -204.5194514113             0.0063076426             0.0065585583             0.0000000000
         -203.3794514113             0.0063780039             0.0066311935             0.0000000000
         -202.2394514113             0.0064495459             0.0067044977             0.0000000000
         -201.0994514113             0.0065222953             0.0067784231             0.0000000000
         -199.9594514113             0.0065962791             0.0068529837             0.0000000000
         -198.8194514113             0.0066715255             0.0069282735             0.0000000000
         -197.6794514113             0.0067480632             0.0070042672             0.0000000000
         -196.5394514113             0.0068259219             0.0070809438             0.0000000000
         -195.3994514113             0.0069051320             0.0071583186             0.0000000000
         -194.2594514113             0.0069857250             0.0072365301             0.0000000000
         -193.1194514113             0.0070677331             0.0073154794             0.0000000000
         -191.9794514113             0.0071511896             0.0073951783             0.0000000000
         -190.8394514113             0.0072361286             0.0074756773             0.0000000000
         -189.6994514113             0.0073225853             0.0075570649             0.0000000000
         -188.5594514113             0.0074105961             0.0076392570             0.0000000000
         -187.4194514113             0.0075001983             0.0077222708             0.0000000000
         -186.2794514113             0.0075914303             0.0078062036             0.0000000000
         -185.1394514113             0.0076843319             0.0078910683             0.0000000000
         -183.9994514113             0.0077789438             0.0079768142             0.0000000000
         -182.8594514113             0.0078753081             0.0080634599             0.0000000000
         -181.7194514113             0.0079734683             0.0081511579             0.0000000000
         -180.5794514113             0.0080734692             0.0082398307             0.0000000000
         -179.4394514113             0.0081753568             0.0083294681             0.0000000000
         -178.2994514113             0.0082791788             0.0084201065             0.0000000000
         -177.1594514113             0.0083849843             0.0085119143             0.0000000000
         -176.0194514113             0.0084928239             0.0086047556             0.0000000000
         -174.8794514113             0.0086027499             0.0086986521             0.0000000000
         -173.7394514113             0.0087148164             0.0087936984             0.0000000000
         -172.5994514113             0.0088290790             0.0088899706             0.0000000000
         -171.4594514113             0.0089455953             0.0089873736             0.0000000000
         -170.3194514113             0.0090644247             0.0090859314             0.0000000000
         -169.1794514113             0.0091856286             0.0091858064             0.0000000000
         -168.0394514113             0.0093092705             0.0092869647             0.0000000000
         -166.8994514113             0.0094354159             0.0093893605             0.0000000000
         -165.7594514113             0.0095641327             0.0094930202             0.0000000000
         -164.6194514113             0.0096954908             0.0095981863             0.0000000000
         -163.4794514113             0.0098295627             0.0097046936             0.0000000000
         -162.3394514113             0.0099664235             0.0098125560             0.0000000000
         -161.1994514113             0.0101061507             0.0099218560             0.0000000000
         -160.0594514113             0.0102488245             0.0100327692             0.0000000000
         -158.9194514113             0.0103945279             0.0101451358             0.0000000000
         -157.7794514113             0.0105433472             0.0102589870             0.0000000000
         -156.6394514113             0.0106953712             0.0103744900             0.0000000000
         -155.4994514113             0.0108506923             0.0104916863             0.0000000000
         -154.3594514113             0.0110094060             0.0106104762             0.0000000000
         -153.2194514113             0.0111716115             0.0107308942             0.0000000000
         -152.0794514113             0.0113374113             0.0108532079             0.0000000000
         -150.9394514113             0.0115069121             0.0109772975             0.0000000000
         -149.7994514113             0.0116802241             0.0111031363             0.0000000000
         -148.6594514113             0.0118574620             0.0112307822             0.0000000000
         -147.5194514113             0.0120387447             0.0113605632             0.0000000000
         -146.3794514113             0.0122241955             0.0114922248             0.0000000000
         -145.2394514113             0.0124139425             0.0116258090             0.0000000000
         -144.0994514113             0.0126081187             0.0117614793             0.0000000000
         -142.9594514113             0.0128068623             0.0118994008             0.0000000000
         -141.8194514113             0.0130103170             0.0120393918             0.0000000000
         -140.6794514113             0.0132186319             0.0121814995             0.0000000000
         -139.5394514113             0.0134319622             0.0123260135             0.0000000000
         -138.3994514113             0.0136504693             0.0124729010             0.0000000000
         -137.2594514113             0.0138743211             0.0126220699             0.0000000000
         -136.1194514113             0.0141036922             0.0127735731             0.0000000000
         -134.9794514113             0.0143387645             0.0129278515             0.0000000000
         -133.8394514113             0.0145797274             0.0130846321             0.0000000000
         -132.6994514113             0.0148267781             0.0132439326             0.0000000000
         -131.5594514113             0.0150801220             0.0134058983             0.0000000000
         -130.4194514113             0.0153399733             0.0135708938             0.0000000000
         -129.2794514113             0.0156065554             0.0137386128             0.0000000000
         -128.1394514113             0.0158801011             0.0139091212             0.0000000000
         -126.9994514113             0.0161608535             0.0140827254             0.0000000000
         -125.8594514113             0.0164490661             0.0142595456             0.0000000000
         -124.7194514113             0.0167450038             0.0144393862             0.0000000000
         -123.5794514113             0.0170489430             0.0146223217             0.0000000000
         -122.4394514113             0.0173611726             0.0148088539             0.0000000000
         -121.2994514113             0.0176819948             0.0149988024             0.0000000000
         -120.1594514113             0.0180117252             0.0151921088             0.0000000000
         -119.0194514113             0.0183506941             0.0153888755             0.0000000000
         -117.8794514113             0.0186992471             0.0155897890             0.0000000000
         -116.7394514113             0.0190577461             0.0157943517             0.0000000000
         -115.5994514113             0.0194265697             0.0160026579             0.0000000000
         -114.4594514113             0.0198061151             0.0162150187             0.0000000000
         -113.3194514113             0.0201967981             0.0164318191             0.0000000000
         -112.1794514113             0.0205990549             0.0166526971             0.0000000000
         -111.0394514113             0.0210133432             0.0168777613             0.0000000000
         -109.8994514113             0.0214401430             0.0171075805             0.0000000000
         -108.7594514113             0.0218799585             0.0173421592             0.0000000000
         -107.6194514113             0.0223333192             0.0175813094             0.0000000000
         -106.4794514113             0.0228007816             0.0178251563             0.0000000000
         -105.3394514113             0.0232829307             0.0180745862             0.0000000000
         -104.1994514113             0.0237803818             0.0183291273             0.0000000000
         -103.0594514113             0.0242937826             0.0185888112             0.0000000000
         -101.9194514113             0.0248238147             0.0188539294             0.0000000000
         -100.7794514113             0.0253711966             0.0191253228             0.0000000000
          -99.6394514113             0.0259366852             0.0194023600             0.0000000000
          -98.4994514113             0.0265210789             0.0196852054             0.0000000000
          -97.3594514113             0.0271252198             0.0199744965             0.0000000000
          -96.2194514113             0.0277499975             0.0202705922             0.0000000000
          -95.0794514113             0.0283963512             0.0205730818             0.0000000000
          -93.9394514113             0.0290652742             0.0208821578             0.0000000000
          -92.7994514113             0.0297578170             0.0211988950             0.0000000000
          -91.6594514113             0.0304750919             0.0215230297             0.0000000000
          -90.5194514113             0.0312182772             0.0218544401             0.0000000000
          -89.3794514113             0.0319886229             0.0221933532             0.0000000000
          -88.2394514113             0.0327874563             0.0225413951             0.0000000000
          -87.0994514113             0.0336161884             0.0228975024             0.0000000000
          -85.9594514113             0.0344763217             0.0232619285             0.0000000000
          -84.8194514113             0.0353694594             0.0236353740             0.0000000000
          -83.6794514113             0.0362973154             0.0240188694             0.0000000000
          -82.5394514113             0.0372617275             0.0244116169             0.0000000000
          -81.3994514113             0.0382646727             0.0248139260             0.0000000000
          -80.2594514113             0.0393082862             0.0252271188             0.0000000000
          -79.1194514113             0.0403948851             0.0256514052             0.0000000000
          -77.9794514113             0.0415269985             0.0260863730             0.0000000000
          -76.8394514113             0.0427074053             0.0265323950             0.0000000000
          -75.6994514113             0.0439391825             0.0269916014             0.0000000000
          -74.5594514113             0.0452257666             0.0274631090             0.0000000000
          -73.4194514113             0.0465710321             0.0279470284             0.0000000000
          -72.2794514113             0.0479793925             0.0284440961             0.0000000000
          -71.1394514113             0.0494559279             0.0289566531             0.0000000000
          -69.9994514113             0.0510065477             0.0294832109             0.0000000000
          -68.8594514113             0.0526381971             0.0300243067             0.0000000000
          -67.7194514113             0.0543591160             0.0305816124             0.0000000000
          -66.5794514113             0.0561791641             0.0311564012             0.0000000000
          -65.4394514113             0.0581102245             0.0317477250             0.0000000000
          -64.2994514113             0.0601667030             0.0323562712             0.0000000000
          -63.1594514113             0.0623661391             0.0329850134             0.0000000000
          -62.0194514113             0.0647299493             0.0336337469             0.0000000000
          -60.8794514113             0.0672843232             0.0343023333             0.0000000000
          -59.7394514113             0.0700612919             0.0349917085             0.0000000000
          -58.5994514113             0.0730999925             0.0357067522             0.0000000000
          -57.4594514113             0.0764481468             0.0364452140             0.0000000000
          -56.3194514113             0.0801637710             0.0372082233             0.0000000000
          -55.1794514113             0.0843171315             0.0379983725             0.0000000000
          -54.0394514113             0.0889929493             0.0388200310             0.0000000000
          -52.8994514113             0.0942928534             0.0396715649             0.0000000000
          -51.7594514113             0.1003380655             0.0405550607             0.0000000000
          -50.6194514113             0.1072722881             0.0414763162             0.0000000000
          -49.4794514113             0.1152647471             0.0424384162             0.0000000000
          -48.3394514113             0.1245133228             0.0434417578             0.0000000000
          -47.1994514113             0.1352476756             0.0444901343             0.0000000000
          -46.0594514113             0.1477322523             0.0455956419             0.0000000000
          -44.9194514113             0.1622690292             0.0467590755             0.0000000000
          -43.7794514113             0.1791998240             0.0479849825             0.0000000000
          -42.6394514113             0.1989079834             0.0492818273             0.0000000000
          -41.4994514113             0.2218192317             0.0506710235             0.0000000000
          -40.3594514113             0.2484014503             0.0521514037             0.0000000000
          -39.2194514113             0.2791631497             0.0537348692             0.0000000000
          -38.0794514113             0.3146503966             0.0554438058             0.0000000000
          -36.9394514113             0.3554419699             0.0573038520             0.0000000000
          -35.7994514113             0.4021425507             0.0593208228             0.0000000000
          -34.6594514113             0.4553737856             0.0615165053             0.0000000000
          -33.5194514113             0.5157631266             0.0639421852             0.0000000000
          -32.3794514113             0.5839304183             0.0666214877             0.0000000000
          -31.2394514113             0.6604722913             0.0695748246             0.0000000000
          -30.0994514113             0.7459445179             0.0728393933             0.0000000000
          -28.9594514113             0.8408425933             0.0765217674             0.0000000000
          -27.8194514113             0.9455809119             0.0806224691             0.0000000000
          -26.6794514113             1.0604710139             0.0851901564             0.0000000000
          -25.5394514113             1.1856994736             0.0903051338             0.0000000000
          -24.3994514113             1.3213060729             0.0961033150             0.0000000000
          -23.2594514113             1.4671629558             0.1025812588             0.0000000000
          -22.1194514113             1.6229554741             0.1098155037             0.0000000000
          -20.9794514113             1.7881654114             0.1179684984             0.0000000000
          -19.8394514113             1.9620572114             0.1271500851             0.0000000000
          -18.6994514113             2.1436677329             0.1373785041             0.0000000000
          -17.5594514113             2.3317999305             0.1487523364             0.0000000000
          -16.4194514113             2.5250207227             0.1615580714             0.0000000000
          -15.2794514113             2.7216632056             0.1757997872             0.0000000000
          -14.1394514113             2.9198333247             0.1915368338             0.0000000000
          -12.9994514113             3.1174212066             0.2088967049             0.0000000000
          -11.8594514113             3.3121176002             0.2282763971             0.0000000000
          -10.7194514113             3.5014363458             0.2495147482             0.0000000000
           -9.5794514113             3.6827444316             0.2727182255             0.0000000000
           -8.4394514113             3.8533019162             0.2981173298             0.0000000000
           -7.2994514113             4.0103145282             0.3259503211             0.0000000000
           -6.1594514113             4.1510017161             0.3560610142             0.0000000000
           -5.0194514113             4.2726818387             0.3885262995             0.0000000000
           -3.8794514113             4.3728737030             0.4236797662             0.0000000000
           -2.7394514113             4.4494097854             0.4614814146             0.0000000000
           -1.5994514113             4.5005518842             0.5018018597             0.0000000000
           -0.4594514113             4.5250960064             0.5446579326             0.0000000000
            0.6805485887             4.5224516858             0.5904447271             0.0000000000
            1.8205485887             4.4926829406             0.6387810579             0.0000000000
            2.9605485887             4.4365037661             0.6895766821             0.0000000000
            4.1005485887             4.3552289612             0.7428388627             0.0000000000
            5.2405485887             4.2506887332             0.7987208921             0.0000000000
            6.3805485887             4.1251205702             0.8567713016             0.0000000000
            7.5205485887             3.9810531289             0.9168608695             0.0000000000
            8.6605485887             3.8211947000             0.9789822991             0.0000000000
            9.8005485887             3.6483346132             1.0429589542             0.0000000000
           10.9405485887             3.4652614073             1.1084360820             0.0000000000
           12.0805485887             3.2746979606             1.1752228542             0.0000000000
           13.2205485887             3.0792515802             1.2432355974             0.0000000000
           14.3605485887             2.8813762008             1.3121363509             0.0000000000
           15.5005485887             2.6833439566             1.3816636604             0.0000000000
           16.6405485887             2.4872239808             1.4516027750             0.0000000000
           17.7805485887             2.2948670097             1.5217326384             0.0000000000
           18.9205485887             2.1078949796             1.5917807502             0.0000000000
           20.0605485887             1.9276952301             1.6615378091             0.0000000000
           21.2005485887             1.7554191426             1.7307618690             0.0000000000
           22.3405485887             1.5919850988             1.7991704671             0.0000000000
           23.4805485887             1.4380855861             1.8666440411             0.0000000000
           24.6205485887             1.2941981618             1.9330060643             0.0000000000
           25.7605485887             1.1605998522             1.9979423439             0.0000000000
           26.9005485887             1.0373844411             2.0613070344             0.0000000000
           28.0405485887             0.9244820070             2.1230556275             0.0000000000
           29.1805485887             0.8216800147             2.1830605578             0.0000000000
           30.3205485887             0.7286452499             2.2409084379             0.0000000000
           31.4605485887             0.6449459104             2.2967229385             0.0000000000
           32.6005485887             0.5700732205             2.3504610438             0.0000000000
           33.7405485887             0.5034620163             2.4019903061             0.0000000000
           34.8805485887             0.4445098464             2.4509654926             0.0000000000
           36.0205485887             0.3925942373             2.4976619142             0.0000000000
           37.1605485887             0.3470878845             2.5420421490             0.0000000000
           38.3005485887             0.3073716295             2.5839013181             0.0000000000
           39.4405485887             0.2728451841             2.6231614071             0.0000000000
           40.5805485887             0.2429356452             2.6600509654             0.0000000000
           41.7205485887             0.2171039095             2.6945722266             0.0000000000
           42.8605485887             0.1948491572             2.7264439498             0.0000000000
           44.0005485887             0.1757116078             2.7558609989             0.0000000000
           45.1405485887             0.1592737752             2.7829676610             0.0000000000
           46.2805485887             0.1451604628             2.8077944407             0.0000000000
           47.4205485887             0.1330377339             2.8299944415             0.0000000000
           48.5605485887             0.1226110878             2.8499995451             0.0000000000
           49.7005485887             0.1136230490             2.8678580093             0.0000000000
           50.8405485887             0.1058503612             2.8835206507             0.0000000000
           51.9805485887             0.0991009476             2.8968864420             0.0000000000
           53.1205485887             0.0932107754             2.9082747590             0.0000000000
           54.2605485887             0.0880407360             2.9177416104             0.0000000000
           55.4005485887             0.0834736277             2.9251699973             0.0000000000
           56.5405485887             0.0794113035             2.9306663810             0.0000000000
           57.6805485887             0.0757720301             2.9344349668             0.0000000000
           58.8205485887             0.0724880815             2.9365360618             0.0000000000
           59.9605485887             0.0695035830             2.9368046655             0.0000000000
           61.1005485887             0.0667726041             2.9354989667             0.0000000000
           62.2405485887             0.0642574946             2.9327253733             0.0000000000
           63.3805485887             0.0619274486             2.9285166303             0.0000000000
           64.5205485887             0.0597572803             2.9227620066             0.0000000000
           65.6605485887             0.0577263899             2.9157349666             0.0000000000
           66.8005485887             0.0558178995             2.9074931515             0.0000000000
           67.9405485887             0.0540179365             2.8980170143             0.0000000000
           69.0805485887             0.0523150461             2.8873341565             0.0000000000
           70.2205485887             0.0506997117             2.8756193143             0.0000000000
           71.3605485887             0.0491639675             2.8629254045             0.0000000000
           72.5005485887             0.0477010879             2.8492003333             0.0000000000
           73.6405485887             0.0463053387             2.8345613004             0.0000000000
           74.7805485887             0.0449717807             2.8191084026             0.0000000000
           75.9205485887             0.0436961142             2.8028887962             0.0000000000
           77.0605485887             0.0424745564             2.7858347785             0.0000000000
           78.2005485887             0.0413037463             2.7681119564             0.0000000000
           79.3405485887             0.0401806690             2.7497678072             0.0000000000
           80.4805485887             0.0391025976             2.7308207921             0.0000000000
           81.6205485887             0.0380670466             2.7112689561             0.0000000000
           82.7605485887             0.0370717364             2.6912256464             0.0000000000
           83.9005485887             0.0361145641             2.6707272042             0.0000000000
           85.0405485887             0.0351935811             2.6497735699             0.0000000000
           86.1805485887             0.0343069748             2.6284086389             0.0000000000
           87.3205485887             0.0334530536             2.6066987487             0.0000000000
           88.4605485887             0.0326302347             2.5846744670             0.0000000000
           89.6005485887             0.0318370340             2.5623291450             0.0000000000
           90.7405485887             0.0310720571             2.5397252264             0.0000000000
           91.8805485887             0.0303339924             2.5168988029             0.0000000000
           93.0205485887             0.0296216042             2.4938726743             0.0000000000
           94.1605485887             0.0289337273             2.4706500232             0.0000000000
           95.3005485887             0.0282692618             2.4472839702             0.0000000000
           96.4405485887             0.0276271685             2.4237961419             0.0000000000
           97.5805485887             0.0270064651             2.4002020630             0.0000000000
           98.7205485887             0.0264062220             2.3765213884             0.0000000000
           99.8605485887             0.0258255593             2.3527831232             0.0000000000
          101.0005485887             0.0252636435             2.3290046856             0.0000000000
          102.1405485887             0.0247196844             2.3052018166             0.0000000000
          103.2805485887             0.0241929328             2.2813942186             0.0000000000
          104.4205485887             0.0236826776             2.2575977309             0.0000000000
          105.5605485887             0.0231882438             2.2338261628             0.0000000000
          106.7005485887             0.0227089903             2.2101007659             0.0000000000
          107.8405485887             0.0222443077             2.1864296922             0.0000000000
          108.9805485887             0.0217936166             2.1628238413             0.0000000000
          110.1205485887             0.0213563660             2.1392971556             0.0000000000
          111.2605485887             0.0209320314             2.1158703737             0.0000000000
          112.4005485887             0.0205201134             2.0925419057             0.0000000000
          113.5405485887             0.0201201363             2.0693205028             0.0000000000
          114.6805485887             0.0197316468             2.0462249554             0.0000000000
          115.8205485887             0.0193542128             2.0232649943             0.0000000000
          116.9605485887             0.0189874220             2.0004371866             0.0000000000
          118.1005485887             0.0186308811             1.9777480831             0.0000000000
          119.2405485887             0.0182842146             1.9552241001             0.0000000000
          120.3805485887             0.0179470640             1.9328580373             0.0000000000
          121.5205485887             0.0176190867             1.9106491723             0.0000000000
          122.6605485887             0.0172999552             1.8886037664             0.0000000000
          123.8005485887             0.0169893566             1.8667529878             0.0000000000
          124.9405485887             0.0166869915             1.8450736761             0.0000000000
          126.0805485887             0.0163925733             1.8235694172             0.0000000000
          127.2205485887             0.0161058279             1.8022540644             0.0000000000
          128.3605485887             0.0158264927             1.7811417391             0.0000000000
          129.5005485887             0.0155543162             1.7602141531             0.0000000000
          130.6405485887             0.0152890574             1.7394736484             0.0000000000
          131.7805485887             0.0150304853             1.7189428460             0.0000000000
          132.9205485887             0.0147783784             1.6986163655             0.0000000000
          134.0605485887             0.0145325243             1.6784829684             0.0000000000
          135.2005485887             0.0142927190             1.6585440009             0.0000000000
          136.3405485887             0.0140587670             1.6388313820             0.0000000000
          137.4805485887             0.0138304803             1.6193191243             0.0000000000
          138.6205485887             0.0136076785             1.6000043629             0.0000000000
          139.7605485887             0.0133901883             1.5808937764             0.0000000000
          140.9005485887             0.0131778431             1.5620102718             0.0000000000
          142.0405485887             0.0129704828             1.5433255067             0.0000000000
          143.1805485887             0.0127679533             1.5248395455             0.0000000000
          144.3205485887             0.0125701066             1.5065682078             0.0000000000
          145.4605485887             0.0123768000             1.4885141926             0.0000000000
          146.6005485887             0.0121878965             1.4706583093             0.0000000000
          147.7405485887             0.0120032640             1.4530001129             0.0000000000
          148.8805485887             0.0118227753             1.4355644365             0.0000000000
          150.0205485887             0.0116463079             1.4183340583             0.0000000000
          151.1605485887             0.0114737438             1.4012992178             0.0000000000
          152.3005485887             0.0113049694             1.3844597487             0.0000000000
          153.4405485887             0.0111398748             1.3678471161             0.0000000000
          154.5805485887             0.0109783545             1.3514269855             0.0000000000
          155.7205485887             0.0108203064             1.3351982881             0.0000000000
          156.8605485887             0.0106656321             1.3191698393             0.0000000000
          158.0005485887             0.0105142368             1.3033533775             0.0000000000
          159.1405485887             0.0103660287             1.2877244205             0.0000000000
          160.2805485887             0.0102209194             1.2722816690             0.0000000000
          161.4205485887             0.0100788235             1.2570424449             0.0000000000
          162.5605485887             0.0099396585             1.2419997733             0.0000000000
          163.7005485887             0.0098033445             1.2271387322             0.0000000000
          164.8405485887             0.0096698047             1.2124578586             0.0000000000
          165.9805485887             0.0095389645             1.1979823921             0.0000000000
          167.1205485887             0.0094107518             1.1836878921             0.0000000000
          168.2605485887             0.0092850972             1.1695685356             0.0000000000
          169.4005485887             0.0091619332             1.1556270814             0.0000000000
          170.5405485887             0.0090411947             1.1418830342             0.0000000000
          171.6805485887             0.0089228186             1.1283088716             0.0000000000
          172.8205485887             0.0088067440             1.1149029642             0.0000000000
          173.9605485887             0.0086929118             1.1016759297             0.0000000000
          175.1005485887             0.0085812647             1.0886300660             0.0000000000
          176.2405485887             0.0084717475             1.0757470067             0.0000000000
          177.3805485887             0.0083643064             1.0630250814             0.0000000001
          178.5205485887             0.0082588896             1.0504820966             0.0000000001
          179.6605485887             0.0081554465             1.0381045578             0.0000000002
          180.8005485887             0.0080539285             1.0258826147             0.0000000003
          181.9405485887             0.0079542882             1.0138145838             0.0000000005
          183.0805485887             0.0078564797             1.0019247795             0.0000000008
          184.2205485887             0.0077604586             0.9901853516             0.0000000012
          185.3605485887             0.0076661817             0.9785942921             0.0000000019
          186.5005485887             0.0075736071             0.9671567321             0.0000000029
          187.6405485887             0.0074826942             0.9558824017             0.0000000046
          188.7805485887             0.0073934037             0.9447509355             0.0000000071
          189.9205485887             0.0073056971             0.9337606767             0.0000000109
          191.0605485887             0.0072195375             0.9229232252             0.0000000167
          192.2005485887             0.0071348888             0.9122341601             0.0000000255
          193.3405485887             0.0070517159             0.9016808940             0.0000000385
          194.4805485887             0.0069699848             0.8912618055             0.0000000581
          195.6205485887             0.0068896625             0.8809943066             0.0000000870
          196.7605485887             0.0068107169             0.8708612083             0.0000001296
          197.9005485887             0.0067331167             0.8608570135             0.0000001921
          199.0405485887             0.0066568318             0.8509826072             0.0000002831
          200.1805485887             0.0065818325             0.8412532014             0.0000004150
          201.3205485887             0.0065080903             0.8316475476             0.0000006052
          202.4605485887             0.0064355772             0.8221641100             0.0000008778
          203.6005485887             0.0063642662             0.8128095504             0.0000012663
          204.7405485887             0.0062941310             0.8035864939             0.0000018169
          205.8805485887             0.0062251458             0.7944806807             0.0000025931
          207.0205485887             0.0061572857             0.7854906315             0.0000036810
          208.1605485887             0.0060905266             0.7766281781             0.0000051973
          209.3005485887             0.0060248446             0.7678846345             0.0000072992
          210.4405485887             0.0059602170             0.7592520753             0.0000101964
          211.5805485887             0.0058966211             0.7507290811             0.0000141676
          212.7205485887             0.0058340354             0.7423320832             0.0000195808
          213.8605485887             0.0057724384             0.7340422852             0.0000269186
          215.0005485887             0.0057118096             0.7258574750             0.0000368098
          216.1405485887             0.0056521289             0.7177805206             0.0000500688
          217.2805485887             0.0055933765             0.7098192445             0.0000677435
          218.4205485887             0.0055355334             0.7019585373             0.0000911734
          219.5605485887             0.0054785810             0.6941970907             0.0001220598
          220.7005485887             0.0054225011             0.6865423547             0.0001625490
          221.8405485887             0.0053672760             0.6789921666             0.0002153316
          222.9805485887             0.0053128885             0.6715370284             0.0002837573
          224.1205485887             0.0052593217             0.6641756950             0.0003719690
          225.2605485887             0.0052065593             0.6569196908             0.0004850553
          226.4005485887             0.0051545853             0.6497579342             0.0006292244
          227.5405485887             0.0051033840             0.6426859792             0.0008119972
          228.6805485887             0.0050529403             0.6357038630             0.0010424217
          229.8205485887             0.0050032394             0.6288230547             0.0013313058
          230.9605485887             0.0049542666             0.6220282020             0.0016914664
          232.1005485887             0.0049060080             0.6153181692             0.0021379920
          233.2405485887             0.0048584496             0.6086970424             0.0026885136
          234.3805485887             0.0048115782             0.6021675003             0.0033634765
          235.5205485887             0.0047653804             0.5957191331             0.0041864070
          236.6605485887             0.0047198436             0.5893508652             0.0051841625
          237.8005485887             0.0046749551             0.5830703857             0.0063871546
          238.9405485887             0.0046307028             0.5768725180             0.0078295325
          240.0805485887             0.0045870746             0.5707512998             0.0095493131
          241.2205485887             0.0045440591             0.5647057137             0.0115884422
          242.3605485887             0.0045016446             0.5587466419             0.0139927721
          243.5005485887             0.0044598202             0.5528619136             0.0168119408
          244.6405485887             0.0044185749             0.5470495562             0.0200991382
          245.7805485887             0.0043778982             0.5413111229             0.0239107456
          246.9205485887             0.0043377796             0.5356527693             0.0283058401
          248.0605485887             0.0042982090             0.5300636648             0.0333455549
          249.2005485887             0.0042591764             0.5245428901             0.0390922926
          250.3405485887             0.0042206723             0.5190951798             0.0456087937
          251.4805485887             0.0041826870             0.5137197792             0.0529570663
          252.6205485887             0.0041452114             0.5084097622             0.0611971897
          253.7605485887             0.0041082363             0.5031642610             0.0703860120
          254.9005485887             0.0040717530             0.4979908365             0.0805757653
          256.0405485887             0.0040357527             0.4928825697             0.0918126305
          257.1805485887             0.0040002270             0.4878360403             0.1041352872
          258.3205485887             0.0039651675             0.4828509315             0.1175734906
          259.4605485887             0.0039305663             0.4779358008             0.1321467182
          260.6005485887             0.0038964152             0.4730797521             0.1478629335
          261.7405485887             0.0038627067             0.4682820039             0.1647175109
          262.8805485887             0.0038294330             0.4635450456             0.1826923681
          264.0205485887             0.0037965867             0.4588713608             0.2017553446
          265.1605485887             0.0037641606             0.4542534744             0.2218598620
          266.3005485887             0.0037321475             0.4496906504             0.2429448945
          267.4405485887             0.0037005404             0.4451878773             0.2649352665
          268.5805485887             0.0036693326             0.4407422081             0.2877422875
          269.7205485887             0.0036385174             0.4363492447             0.3112647196
          270.8605485887             0.0036080881             0.4320082939             0.3353900667
          272.0005485887             0.0035780384             0.4277265630             0.3599961559
          273.1405485887             0.0035483620             0.4234962628             0.3849529791
          274.2805485887             0.0035190528             0.4193157565             0.4101247452
          275.4205485887             0.0034901047             0.4151858496             0.4353720925
          276.5605485887             0.0034615118             0.4111113373             0.4605543989
          277.7005485887             0.0034332684             0.4070845008             0.4855321269
          278.8405485887             0.0034053688             0.4031047170             0.5101691392
          279.9805485887             0.0033778074             0.3991750011             0.5343349200
          281.1205485887             0.0033505788             0.3952953641             0.5579066415
          282.2605485887             0.0033236777             0.3914607863             0.5807710228
          283.4005485887             0.0032970988             0.3876706814             0.6028259325
          284.5405485887             0.0032708371             0.3839300323             0.6239817006
          285.6805485887             0.0032448875             0.3802345723             0.6441621109
          286.8205485887             0.0032192450             0.3765817092             0.6633050609
          287.9605485887             0.0031939050             0.3729710042             0.6813628850
          289.1005485887             0.0031688626             0.3694088484             0.6983023486
          290.2405485887             0.0031441131             0.3658874989             0.7141043308
          291.3805485887             0.0031196522             0.3624064290             0.7287632234
          292.5205485887             0.0030954752             0.3589671531             0.7422860799
          293.6605485887             0.0030715778             0.3555718476             0.7546915548
          294.8005485887             0.0030479558             0.3522151368             0.7660086777
          295.9405485887             0.0030246049             0.3488965251             0.7762755072
          297.0805485887             0.0030015210             0.3456192723             0.7855377113
          298.2205485887             0.0029787000             0.3423817746             0.7938471181
          299.3605485887             0.0029561380             0.3391807905             0.8012602782
          300.5005485887             0.0029338311             0.3360158537             0.8078370749
          301.6405485887             0.0029117754             0.3328917798             0.8136394143
          302.7805485887             0.0028899672             0.3298035817             0.8187300208
          303.9205485887             0.0028684029             0.3267499388             0.8231713565
          305.0605485887             0.0028470787             0.3237312360             0.8270246790
          306.2005485887             0.0028259911             0.3207512005             0.8303492438
          307.3405485887             0.0028051367             0.3178042960             0.8332016535
          308.4805485887             0.0027845120             0.3148901035             0.8356353516
          309.6205485887             0.0027641138             0.3120105562             0.8377002523
          310.7605485887             0.0027439385             0.3091660393             0.8394424977
          311.9005485887             0.0027239832             0.3063528939             0.8409043287
          313.0405485887             0.0027042445             0.3035707257             0.8421240558
          314.1805485887             0.0026847193             0.3008228531             0.8431361148
          315.3205485887             0.0026654046             0.2981066603             0.8439711922
          316.4605485887             0.0026462974             0.2954201829             0.8446564047
          317.6005485887             0.0026273947             0.2927630493             0.8452155201
          318.7405485887             0.0026086936             0.2901398145             0.8456692062
          319.8805485887             0.0025901912             0.2875451736             0.8460352954
          321.0205485887             0.0025718848             0.2849786886             0.8463290578
          322.1605485887             0.0025537715             0.2824412786             0.8465634716
          323.3005485887             0.0025358488             0.2799347924             0.8467494865
          324.4405485887             0.0025181139             0.2774553274             0.8468962744
          325.5805485887             0.0025005641             0.2750025499             0.8470114631
          326.7205485887             0.0024831971             0.2725786125             0.8471013524
          327.8605485887             0.0024660101             0.2701827008             0.8471711086
          329.0005485887             0.0024490008             0.2678124079             0.8472249400
          330.1405485887             0.0024321667             0.2654674192             0.8472662511
          331.2805485887             0.0024155054             0.2631509927             0.8472977776
          332.4205485887             0.0023990146             0.2608599193             0.8473217031
          333.5605485887             0.0023826919             0.2585931435             0.8473397592
          334.7005485887             0.0023665351             0.2563508156             0.8473533101
          335.8405485887             0.0023505419             0.2541358411             0.8473634232
          336.9805485887             0.0023347101             0.2519442024             0.8473709287
          338.1205485887             0.0023190376             0.2497756161             0.8473764680
          339.2605485887             0.0023035222             0.2476313320             0.8473805335
          340.4005485887             0.0022881619             0.2455118900             0.8473835006
          341.5405485887             0.0022729545             0.2434145941             0.8473856541
          342.6805485887             0.0022578981             0.2413391773             0.8473872084
          343.8205485887             0.0022429907             0.2392878775             0.8473883240
          344.9605485887             0.0022282303             0.2372591008             0.8473891202
          346.1005485887             0.0022136150             0.2352513487             0.8473896853
          347.2405485887             0.0021991429             0.2332643694             0.8473900842
          348.3805485887             0.0021848121             0.2313012877             0.8473903642
          349.5205485887             0.0021706209             0.2293585880             0.8473905596
          350.6605485887             0.0021565673             0.2274358552             0.8473906953
          351.8005485887             0.0021426497             0.2255336433             0.8473907889
          352.9405485887             0.0021288662             0.2236534974             0.8473908532
          354.0805485887             0.0021152152             0.2217925478             0.8473908970
          355.2205485887             0.0021016950             0.2199505673             0.8473909268
          356.3605485887             0.0020883038             0.2181289932             0.8473909469
          357.5005485887             0.0020750402             0.2163274645             0.8473909604
          358.6405485887             0.0020619024             0.2145441650             0.8473909694
          359.7805485887             0.0020488889             0.2127788561             0.8473909754
          360.9205485887             0.0020359981             0.2110336791             0.8473909793
          362.0605485887             0.0020232284             0.2093063851             0.8473909819
          363.2005485887             0.0020105785             0.2075958612             0.8473909836
          364.3405485887             0.0019980467             0.2059017780             0.8473909847
          365.4805485887             0.0019856316             0.2042258984             0.8473909854
          366.6205485887             0.0019733318             0.2025652730             0.8473909859
          367.7605485887             0.0019611458             0.2009196428             0.8473909862
          368.9005485887             0.0019490722             0.1992897143             0.8473909864
          370.0405485887             0.0019371097             0.1976760087             0.8473909865
          371.1805485887             0.0019252570             0.1960767081             0.8473909865
          372.3205485887             0.0019135126             0.1944916601             0.8473909866
          373.4605485887             0.0019018752             0.1929222741             0.8473909866
          374.6005485887             0.0018903436             0.1913677004             0.8473909866
          375.7405485887             0.0018789165             0.1898269116             0.8473909866
          376.8805485887             0.0018675927             0.1882997756             0.8473909867
          378.0205485887             0.0018563708             0.1867883173             0.8473909867
          379.1605485887             0.0018452496             0.1852904135             0.8473909867
          380.3005485887             0.0018342281             0.1838057534             0.8473909867
          381.4405485887             0.0018233049             0.1823346757             0.8473909867
          382.5805485887             0.0018124789             0.1808784094             0.8473909867
          383.7205485887             0.0018017490             0.1794350135             0.8473909867
          384.8605485887             0.0017911140             0.1780043805             0.8473909867
          386.0005485887             0.0017805729             0.1765874617             0.8473909867
          387.1405485887             0.0017701244             0.1751842136             0.8473909867
          388.2805485887             0.0017597676             0.1737933902             0.8473909867
          389.4205485887             0.0017495014             0.1724148930             0.8473909867
          390.5605485887             0.0017393247             0.1710502425             0.8473909867
          391.7005485887             0.0017292364             0.1696982046             0.8473909867
          392.8405485887             0.0017192356             0.1683581784             0.8473909867
          393.9805485887             0.0017093213             0.1670301613             0.8473909867
          395.1205485887             0.0016994924             0.1657159328             0.8473909867
          396.2605485887             0.0016897479             0.1644134134             0.8473909867
          397.4005485887             0.0016800870             0.1631225132             0.8473909867
          398.5405485887             0.0016705087             0.1618437918             0.8473909867
          399.6805485887             0.0016610120             0.1605778437             0.8473909867
          400.8205485887             0.0016515959             0.1593232216             0.8473909867
          401.9605485887             0.0016422597             0.1580798379             0.8473909867
          403.1005485887             0.0016330023             0.1568487762             0.8473909867
          404.2405485887             0.0016238230             0.1556295191             0.8473909867
          405.3805485887             0.0016147208             0.1544212123             0.8473909867
          406.5205485887             0.0016056948             0.1532237690             0.8473909867
          407.6605485887             0.0015967443             0.1520387601             0.8473909867
          408.8005485887             0.0015878684             0.1508646283             0.8473909867
          409.9405485887             0.0015790662             0.1497010746             0.8473909867
          411.0805485887             0.0015703369             0.1485483182             0.8473909867
          412.2205485887             0.0015616798             0.1474074644             0.8473909867
          413.3605485887             0.0015530941             0.1462769045             0.8473909867
          414.5005485887             0.0015445789             0.1451565526             0.8473909867
          415.6405485887             0.0015361335             0.1440471107             0.8473909867
          416.7805485887             0.0015277571             0.1429486527             0.8473909867
          417.9205485887             0.0015194490             0.1418601202             0.8473909867
          419.0605485887             0.0015112085             0.1407814278             0.8473909867
          420.2005485887             0.0015030348             0.1397137249             0.8473909867
          421.3405485887             0.0014949272             0.1386561259             0.8473909867
          422.4805485887             0.0014868849             0.1376080868             0.8473909867
          423.6205485887             0.0014789074             0.1365695420             0.8473909867
          424.7605485887             0.0014709938             0.1355419968             0.8473909867
          425.9005485887             0.0014631436             0.1345237339             0.8473909867
          427.0405485887             0.0014553559             0.1335146694             0.8473909867
          428.1805485887             0.0014476303             0.1325151819             0.8473909867
          429.3205485887             0.0014399660             0.1315258267             0.8473909867
          430.4605485887             0.0014323623             0.1305453964             0.8473909867
          431.6005485887             0.0014248187             0.1295738088             0.8473909867
          432.7405485887             0.0014173345             0.1286118522             0.8473909867
          433.8805485887             0.0014099091             0.1276592026             0.8473909867
          435.0205485887             0.0014025418             0.1267151273             0.8473909867
          436.1605485887             0.0013952321             0.1257795457             0.8473909867
          437.3005485887             0.0013879793             0.1248536235             0.8473909867
          438.4405485887             0.0013807830             0.1239362251             0.8473909867
          439.5805485887             0.0013736424             0.1230270583             0.8473909867
          440.7205485887             0.0013665570             0.1221262365             0.8473909867
          441.8605485887             0.0013595263             0.1212346952             0.8473909867
          443.0005485887             0.0013525497             0.1203511289             0.8473909867
          444.1405485887             0.0013456266             0.1194754606             0.8473909867
          445.2805485887             0.0013387565             0.1186081786             0.8473909867
          446.4205485887             0.0013319389             0.1177494158             0.8473909867
          447.5605485887             0.0013251731             0.1168983018             0.8473909867
          448.7005485887             0.0013184588             0.1160547623             0.8473909867
          449.8405485887             0.0013117954             0.1152196299             0.8473909867
          450.9805485887             0.0013051823             0.1143922982             0.8473909867
          452.1205485887             0.0012986190             0.1135722998             0.8473909867
          453.2605485887             0.0012921051             0.1127595629             0.8473909867
          454.4005485887             0.0012856401             0.1119552352             0.8473909867
          455.5405485887             0.0012792235             0.1111580320             0.8473909867
          456.6805485887             0.0012728547             0.1103678576             0.8473909867
          457.8205485887             0.0012665334             0.1095849560             0.8473909867
          458.9605485887             0.0012602590             0.1088097559             0.8473909867
