# Energy loss (meV)	Quasi-elastic (arb. units)	Magnetic excitations (arb. units)	dd excitations (arb. units)
         -228.3943740452             0.0105953874             0.0025163975             0.0000000000
         -227.2543740452             0.0107012934             0.0025467275             0.0000000000
         -226.1143740452             0.0108087920             0.0025772660             0.0000000000
         -224.9743740452             0.0109179150             0.0026080178             0.0000000000
         -223.8343740452             0.0110286953             0.0026389985             0.0000000000
         -222.6943740452             0.0111411666             0.0026702308             0.0000000000
         -221.5543740452             0.0112553634             0.0027016920             0.0000000000
         -220.4143740452             0.0113713211             0.0027333871             0.0000000000
         -219.2743740452             0.0114890759             0.0027653450             0.0000000000
         -218.1343740452             0.0116086652             0.0027975667             0.0000000000
         -216.9943740452             0.0117301272             0.0028300389             0.0000000000
         -215.8543740452             0.0118535010             0.0028627671             0.0000000000
         -214.7143740452             0.0119788269             0.0028957958             0.0000000000
         -213.5743740452             0.0121061463             0.0029291000             0.0000000000
         -212.4343740452             0.0122355014             0.0029626780             0.0000000000
         -211.2943740452             0.0123669359             0.0029965418             0.0000000000
         -210.1543740452             0.0125004944             0.0030307356             0.0000000000
         -209.0143740452             0.0126362228             0.0030652224             0.0000000000
         -207.8743740452             0.0127741684             0.0031000079             0.0000000000
         -206.7343740452             0.0129143794             0.0031351206             0.0000000000
         -205.5943740452             0.0130569056             0.0031705781             0.0000000000
         -204.4543740452             0.0132017983             0.0032063551             0.0000000000
         -203.3143740452             0.0133491098             0.0032424578             0.0000000000
         -202.1743740452             0.0134988943             0.0032789337             0.0000000000
         -201.0343740452             0.0136512072             0.0033157691             0.0000000000
         -199.8943740452             0.0138061056             0.0033529524             0.0000000000
         -198.7543740452             0.0139636482             0.0033904908             0.0000000000
         -197.6143740452             0.0141238953             0.0034284538             0.0000000000
         -196.4743740452             0.0142869091             0.0034667904             0.0000000000
         -195.3343740452             0.0144527534             0.0035055060             0.0000000000
         -194.1943740452             0.0146214939             0.0035446254             0.0000000000
         -193.0543740452             0.0147931983             0.0035841926             0.0000000000
         -191.9143740452             0.0149679361             0.0036241644             0.0000000000
         -190.7743740452             0.0151457791             0.0036645489             0.0000000000
         -189.6343740452             0.0153268010             0.0037053942             0.0000000000
         -188.4943740452             0.0155110778             0.0037467063             0.0000000000
         -187.3543740452             0.0156986878             0.0037884590             0.0000000000
         -186.2143740452             0.0158897115             0.0038306611             0.0000000000
         -185.0743740452             0.0160842321             0.0038733881             0.0000000000
         -183.9343740452             0.0162823352             0.0039166008             0.0000000000
         -182.7943740452             0.0164841089             0.0039602934             0.0000000000
         -181.6543740452             0.0166896443             0.0040044837             0.0000000000
         -180.5143740452             0.0168990350             0.0040492545             0.0000000000
         -179.3743740452             0.0171123778             0.0040945380             0.0000000000
         -178.2343740452             0.0173297725             0.0041403445             0.0000000000
         -177.0943740452             0.0175513218             0.0041867202             0.0000000000
         -175.9543740452             0.0177771321             0.0042337024             0.0000000000
         -174.8143740452             0.0180073128             0.0042812434             0.0000000000
         -173.6743740452             0.0182419772             0.0043293547             0.0000000000
         -172.5343740452             0.0184812418             0.0043781161             0.0000000000
         -171.3943740452             0.0187252275             0.0044275102             0.0000000000
         -170.2543740452             0.0189740586             0.0044775141             0.0000000000
         -169.1143740452             0.0192278638             0.0045281405             0.0000000000
         -167.9743740452             0.0194867762             0.0045795082             0.0000000000
         -166.8343740452             0.0197509330             0.0046315355             0.0000000000
         -165.6943740452             0.0200204764             0.0046842289             0.0000000000
         -164.5543740452             0.0202955533             0.0047376287             0.0000000000
         -163.4143740452             0.0205763153             0.0047918206             0.0000000000
         -162.2743740452             0.0208629198             0.0048467258             0.0000000000
         -161.1343740452             0.0211555292             0.0049023593             0.0000000000
         -159.9943740452             0.0214543117             0.0049588029             0.0000000000
         -158.8543740452             0.0217594414             0.0050160764             0.0000000000
         -157.7143740452             0.0220710986             0.0050741307             0.0000000000
         -156.5743740452             0.0223894701             0.0051329826             0.0000000000
         -155.4343740452             0.0227147491             0.0051927626             0.0000000000
         -154.2943740452             0.0230471360             0.0052534119             0.0000000000
         -153.1543740452             0.0233868384             0.0053149171             0.0000000000
         -152.0143740452             0.0237340717             0.0053773064             0.0000000000
         -150.8743740452             0.0240890589             0.0054407400             0.0000000000
         -149.7343740452             0.0244520316             0.0055050930             0.0000000000
         -148.5943740452             0.0248232297             0.0055703860             0.0000000000
         -147.4543740452             0.0252029026             0.0056366986             0.0000000000
         -146.3143740452             0.0255913088             0.0057041112             0.0000000000
         -145.1743740452             0.0259887168             0.0057725350             0.0000000000
         -144.0343740452             0.0263954055             0.0058419929             0.0000000000
         -142.8943740452             0.0268116645             0.0059126261             0.0000000000
         -141.7543740452             0.0272377949             0.0059844185             0.0000000000
         -140.6143740452             0.0276741095             0.0060573250             0.0000000000
         -139.4743740452             0.0281209335             0.0061313714             0.0000000000
         -138.3343740452             0.0285786053             0.0062067728             0.0000000000
         -137.1943740452             0.0290474768             0.0062833959             0.0000000000
         -136.0543740452             0.0295279143             0.0063612491             0.0000000000
         -134.9143740452             0.0300202989             0.0064404035             0.0000000000
         -133.7743740452             0.0305250277             0.0065210370             0.0000000000
         -132.6343740452             0.0310425141             0.0066030001             0.0000000000
         -131.4943740452             0.0315731889             0.0066863249             0.0000000000
         -130.3543740452             0.0321175012             0.0067711609             0.0000000000
         -129.2143740452             0.0326759193             0.0068575671             0.0000000000
         -128.0743740452             0.0332489314             0.0069454478             0.0000000000
         -126.9343740452             0.0338370470             0.0070348395             0.0000000000
         -125.7943740452             0.0344407979             0.0071259874             0.0000000000
         -124.6543740452             0.0350607393             0.0072188035             0.0000000000
         -123.5143740452             0.0356974511             0.0073132593             0.0000000000
         -122.3743740452             0.0363515390             0.0074094050             0.0000000000
         -121.2343740452             0.0370236365             0.0075075762             0.0000000000
         -120.0943740452             0.0377144055             0.0076075299             0.0000000000
         -118.9543740452             0.0384245389             0.0077093124             0.0000000000
         -117.8143740452             0.0391547612             0.0078130760             0.0000000000
         -116.6743740452             0.0399058313             0.0079190090             0.0000000000
         -115.5343740452             0.0406785436             0.0080269350             0.0000000000
         -114.3943740452             0.0414737305             0.0081369072             0.0000000000
         -113.2543740452             0.0422922647             0.0082492040             0.0000000000
         -112.1143740452             0.0431350608             0.0083638281             0.0000000000
         -110.9743740452             0.0440030786             0.0084806880             0.0000000000
         -109.8343740452             0.0448973253             0.0085998453             0.0000000000
         -108.6943740452             0.0458188581             0.0087217341             0.0000000000
         -107.5543740452             0.0467687878             0.0088461241             0.0000000000
         -106.4143740452             0.0477482817             0.0089730313             0.0000000000
         -105.2743740452             0.0487585670             0.0091025990             0.0000000000
         -104.1343740452             0.0498009344             0.0092352395             0.0000000000
         -102.9943740452             0.0508767425             0.0093706446             0.0000000000
         -101.8543740452             0.0519874216             0.0095088951             0.0000000000
         -100.7143740452             0.0531344786             0.0096503044             0.0000000000
          -99.5743740452             0.0543195017             0.0097950493             0.0000000000
          -98.4343740452             0.0555441657             0.0099429293             0.0000000000
          -97.2943740452             0.0568102381             0.0100940396             0.0000000000
          -96.1543740452             0.0581195847             0.0102489086             0.0000000000
          -95.0143740452             0.0594741768             0.0104074081             0.0000000000
          -93.8743740452             0.0608760982             0.0105694793             0.0000000000
          -92.7343740452             0.0623275535             0.0107352348             0.0000000000
          -91.5943740452             0.0638308768             0.0109054748             0.0000000000
          -90.4543740452             0.0653885412             0.0110796781             0.0000000000
          -89.3143740452             0.0670031701             0.0112579708             0.0000000000
          -88.1743740452             0.0686775491             0.0114406987             0.0000000000
          -87.0343740452             0.0704146401             0.0116283706             0.0000000000
          -85.8943740452             0.0722175977             0.0118205957             0.0000000000
          -84.7543740452             0.0740897873             0.0120175280             0.0000000000
          -83.6143740452             0.0760348083             0.0122198207             0.0000000000
          -82.4743740452             0.0780565202             0.0124275794             0.0000000000
          -81.3343740452             0.0801590759             0.0126406032             0.0000000000
          -80.1943740452             0.0823469617             0.0128590783             0.0000000000
          -79.0543740452             0.0846250480             0.0130840580             0.0000000000
          -77.9143740452             0.0869986522             0.0133151097             0.0000000000
          -76.7743740452             0.0894736196             0.0135522908             0.0000000000
          -75.6343740452             0.0920564252             0.0137959681             0.0000000000
          -74.4943740452             0.0947543044             0.0140473025             0.0000000000
          -73.3543740452             0.0975754200             0.0143055622             0.0000000000
          -72.2143740452             0.1005290748             0.0145710169             0.0000000000
          -71.0743740452             0.1036259840             0.0148444990             0.0000000000
          -69.9343740452             0.1068786193             0.0151266451             0.0000000000
          -68.7943740452             0.1103016464             0.0154169914             0.0000000000
          -67.6543740452             0.1139124742             0.0157158853             0.0000000000
          -66.5143740452             0.1177319429             0.0160248115             0.0000000000
          -65.3743740452             0.1217851791             0.0163436787             0.0000000000
          -64.2343740452             0.1261026520             0.0166724286             0.0000000000
          -63.0943740452             0.1307214667             0.0170115389             0.0000000000
          -61.9543740452             0.1356869359             0.0173634606             0.0000000000
          -60.8143740452             0.1410544725             0.0177270903             0.0000000000
          -59.6743740452             0.1468918485             0.0181030133             0.0000000000
          -58.5343740452             0.1532818627             0.0184925550             0.0000000000
          -57.3943740452             0.1603254609             0.0188979460             0.0000000000
          -56.2543740452             0.1681453416             0.0193184051             0.0000000000
          -55.1143740452             0.1768900749             0.0197550274             0.0000000000
          -53.9743740452             0.1867387449             0.0202108061             0.0000000000
          -52.8343740452             0.1979061090             0.0206873799             0.0000000000
          -51.6943740452             0.2106482401             0.0211850283             0.0000000000
          -50.5543740452             0.2252685892             0.0217057715             0.0000000000
          -49.4143740452             0.2421243644             0.0222559352             0.0000000000
          -48.2743740452             0.2616330843             0.0228360557             0.0000000000
          -47.1343740452             0.2842791091             0.0234486101             0.0000000000
          -45.9943740452             0.3106199059             0.0240981306             0.0000000000
          -44.8543740452             0.3412917449             0.0247959718             0.0000000000
          -43.7143740452             0.3770144719             0.0255417039             0.0000000000
          -42.5743740452             0.4185949500             0.0263417461             0.0000000000
          -41.4343740452             0.4669287206             0.0272080937             0.0000000000
          -40.2943740452             0.5229993997             0.0281545251             0.0000000000
          -39.1543740452             0.5878753103             0.0291843269             0.0000000000
          -38.0143740452             0.6627028554             0.0303092580             0.0000000000
          -36.8743740452             0.7486961630             0.0315568406             0.0000000000
          -35.7343740452             0.8471225937             0.0329398764             0.0000000000
          -34.5943740452             0.9592837892             0.0344694298             0.0000000000
          -33.4543740452             1.0864920589             0.0361655209             0.0000000000
          -32.3143740452             1.2300420576             0.0380853138             0.0000000000
          -31.1743740452             1.3911778880             0.0402291627             0.0000000000
          -30.0343740452             1.5710559666             0.0426231453             0.0000000000
          -28.8943740452             1.7707042143             0.0453102341             0.0000000000
          -27.7543740452             1.9909783604             0.0483630769             0.0000000000
          -26.6143740452             2.2325163666             0.0517796128             0.0000000000
          -25.4743740452             2.4956921720             0.0556004994             0.0000000000
          -24.3343740452             2.7805701170             0.0599121061             0.0000000000
          -23.1943740452             3.0868615040             0.0647724318             0.0000000000
          -22.0543740452             3.4138847784             0.0701904417             0.0000000000
          -20.9143740452             3.7605307653             0.0762177743             0.0000000000
          -19.7743740452             4.1252342564             0.0830054336             0.0000000000
          -18.6343740452             4.5059530308             0.0905540127             0.0000000000
          -17.4943740452             4.9001551242             0.0988932876             0.0000000000
          -16.3543740452             5.3048148824             0.1080887386             0.0000000000
          -15.2143740452             5.7164181157             0.1183468021             0.0000000000
          -14.0743740452             6.1309765982             0.1295796616             0.0000000000
          -12.9343740452             6.5440523449             0.1418400654             0.0000000000
          -11.7943740452             6.9507926600             0.1552445341             0.0000000000
          -10.6543740452             7.3459779377             0.1699120327             0.0000000000
           -9.5143740452             7.7240855667             0.1857562653             0.0000000000
           -8.3743740452             8.0793747833             0.2028115556             0.0000000000
           -7.2343740452             8.4059983903             0.2212419477             0.0000000000
           -6.0943740452             8.6981470808             0.2410185543             0.0000000000
           -4.9543740452             8.9502296891             0.2620671004             0.0000000000
           -3.8143740452             9.1570873198             0.2843871187             0.0000000000
           -2.6743740452             9.3142310702             0.3081633604             0.0000000000
           -1.5343740452             9.4180834547             0.3331931154             0.0000000000
           -0.3943740452             9.4661955717             0.3594188147             0.0000000000
            0.7456259548             9.4574090692             0.3868285434             0.0000000000
            1.8856259548             9.3919366414             0.4154748036             0.0000000000
            3.0256259548             9.2713470589             0.4451238374             0.0000000000
            4.1656259548             9.0984573800             0.4756952232             0.0000000000
            5.3056259548             8.8771507968             0.5071586491             0.0000000000
            6.4456259548             8.6121486990             0.5394043496             0.0000000000
            7.5856259548             8.3087677170             0.5722500048             0.0000000000
            8.7256259548             7.9726875964             0.6055846686             0.0000000000
            9.8656259548             7.6097468406             0.6393262507             0.0000000000
           11.0056259548             7.2257736225             0.6733049433             0.0000000000
           12.1456259548             6.8264520276             0.7073857421             0.0000000000
           13.2856259548             6.4172192675             0.7414490679             0.0000000000
           14.4256259548             6.0031878782             0.7753345195             0.0000000000
           15.5656259548             5.5890872268             0.8089368172             0.0000000000
           16.7056259548             5.1792199275             0.8421455317             0.0000000000
           17.8456259548             4.7774302687             0.8748221790             0.0000000000
           18.9856259548             4.3870830202             0.9068061252             0.0000000000
           20.1256259548             4.0110518445             0.9380689095             0.0000000000
           21.2656259548             3.6517169716             0.9685247802             0.0000000000
           22.4056259548             3.3109718938             0.9979964395             0.0000000000
           23.5456259548             2.9902387082             1.0264263647             0.0000000000
           24.6856259548             2.6904914859             1.0538187737             0.0000000000
           25.8256259548             2.4122867687             1.0801202258             0.0000000000
           26.9656259548             2.1558000360             1.1051065410             0.0000000000
           28.1056259548             1.9208667963             1.1288817932             0.0000000000
           29.2456259548             1.7070268438             1.1514442737             0.0000000000
           30.3856259548             1.5135701946             1.1727402601             0.0000000000
           31.5256259548             1.3395832721             1.1926001112             0.0000000000
           32.6656259548             1.1839940224             1.2112024605             0.0000000000
           33.8056259548             1.0456148193             1.2285471968             0.0000000000
           34.9456259548             0.9231822139             1.2445463856             0.0000000000
           36.0856259548             0.8153928129             1.2591828794             0.0000000000
           37.2256259548             0.7209347930             1.2725978355             0.0000000000
           38.3656259548             0.6385147774             1.2848115490             0.0000000000
           39.5056259548             0.5668799996             1.2957049675             0.0000000000
           40.6456259548             0.5048358534             1.3053971284             0.0000000000
           41.7856259548             0.4512590720             1.3139777648             0.0000000000
           42.9256259548             0.4051068863             1.3214793735             0.0000000000
           44.0656259548             0.3654225970             1.3277612101             0.0000000000
           45.2056259548             0.3313380366             1.3330433590             0.0000000000
           46.3456259548             0.3020734223             1.3373643941             0.0000000000
           47.4856259548             0.2769350967             1.3407200389             0.0000000000
           48.6256259548             0.2553116290             1.3430857743             0.0000000000
           49.7656259548             0.2366687179             1.3446161610             0.0000000000
           50.9056259548             0.2205432834             1.3453495026             0.0000000000
           52.0456259548             0.2065370912             1.3452541915             0.0000000000
           53.1856259548             0.1943101904             1.3443899625             0.0000000000
           54.3256259548             0.1835743956             1.3428521549             0.0000000000
           55.4656259548             0.1740869922             1.3406768189             0.0000000000
           56.6056259548             0.1656447940             1.3378163657             0.0000000000
           57.7456259548             0.1580786453             1.3343806896             0.0000000000
           58.8856259548             0.1512484178             1.3304199482             0.0000000000
           60.0256259548             0.1450385302             1.3259567577             0.0000000000
           61.1656259548             0.1393539892             1.3209653938             0.0000000000
           62.3056259548             0.1341169367             1.3155500277             0.0000000000
           63.4456259548             0.1292636734             1.3097388710             0.0000000000
           64.5856259548             0.1247421211             1.3035353613             0.0000000000
           65.7256259548             0.1205096821             1.2969583962             0.0000000000
           66.8656259548             0.1165314496             1.2900705847             0.0000000000
           68.0056259548             0.1127787267             1.2828952585             0.0000000000
           69.1456259548             0.1092278100             1.2754258394             0.0000000000
           70.2856259548             0.1058589992             1.2677037259             0.0000000000
           71.4256259548             0.1026557972             1.2597633700             0.0000000000
           72.5656259548             0.0996042669             1.2516235616             0.0000000000
           73.7056259548             0.0966925199             1.2432745066             0.0000000000
           74.8456259548             0.0939103093             1.2347642264             0.0000000000
           75.9856259548             0.0912487093             1.2261096467             0.0000000000
           77.1256259548             0.0886998634             1.2173207802             0.0000000000
           78.2656259548             0.0862567862             1.2084037068             0.0000000000
           79.4056259548             0.0839132093             1.1993880207             0.0000000000
           80.5456259548             0.0816634598             1.1902858877             0.0000000000
           81.6856259548             0.0795023656             1.1811029757             0.0000000000
           82.8256259548             0.0774251810             1.1718528362             0.0000000000
           83.9656259548             0.0754275271             1.1625514265             0.0000000000
           85.1056259548             0.0735053453             1.1532080381             0.0000000000
           86.2456259548             0.0716548595             1.1438278994             0.0000000000
           87.3856259548             0.0698725449             1.1344238658             0.0000000000
           88.5256259548             0.0681551034             1.1250044926             0.0000000000
           89.6656259548             0.0664994416             1.1155767470             0.0000000000
           90.8056259548             0.0649026535             1.1061479901             0.0000000000
           91.9456259548             0.0633620048             1.0967251828             0.0000000000
           93.0856259548             0.0618749198             1.0873138592             0.0000000000
           94.2256259548             0.0604389693             1.0779205734             0.0000000000
           95.3656259548             0.0590518600             1.0685520583             0.0000000000
           96.5056259548             0.0577114255             1.0592106687             0.0000000000
           97.6456259548             0.0564156174             1.0499004319             0.0000000000
           98.7856259548             0.0551624978             1.0406294366             0.0000000000
           99.9256259548             0.0539502317             1.0313999505             0.0000000000
          101.0656259548             0.0527770810             1.0222128727             0.0000000000
          102.2056259548             0.0516413980             1.0130710663             0.0000000000
          103.3456259548             0.0505416201             1.0039853365             0.0000000000
          104.4856259548             0.0494762647             0.9949512201             0.0000000000
          105.6256259548             0.0484439238             0.9859702576             0.0000000000
          106.7656259548             0.0474432605             0.9770465042             0.0000000000
          107.9056259548             0.0464730037             0.9681878751             0.0000000000
          109.0456259548             0.0455319452             0.9593882504             0.0000000000
          110.1856259548             0.0446189355             0.9506490626             0.0000000000
          111.3256259548             0.0437328808             0.9419769984             0.0000000000
          112.4656259548             0.0428727392             0.9333736794             0.0000000000
          113.6056259548             0.0420375187             0.9248345699             0.0000000000
          114.7456259548             0.0412262737             0.9163605572             0.0000000000
          115.8856259548             0.0404381026             0.9079613994             0.0000000000
          117.0256259548             0.0396721456             0.8996316325             0.0000000000
          118.1656259548             0.0389275820             0.8913691720             0.0000000000
          119.3056259548             0.0382036287             0.8831751159             0.0000000000
          120.4456259548             0.0374995375             0.8750606089             0.0000000000
          121.5856259548             0.0368145938             0.8670146938             0.0000000000
          122.7256259548             0.0361481146             0.8590376068             0.0000000000
          123.8656259548             0.0354994467             0.8511335483             0.0000000000
          125.0056259548             0.0348679655             0.8433066845             0.0000000000
          126.1456259548             0.0342530733             0.8355490077             0.0000000000
          127.2856259548             0.0336541980             0.8278605142             0.0000000000
          128.4256259548             0.0330707916             0.8202485692             0.0000000000
          129.5656259548             0.0325023295             0.8127102943             0.0000000000
          130.7056259548             0.0319483087             0.8052408823             0.0000000000
          131.8456259548             0.0314082473             0.7978401544             0.0000000000
          132.9856259548             0.0308816830             0.7905185804             0.0000000000
          134.1256259548             0.0303681725             0.7832664114             0.0000000000
          135.2656259548             0.0298672905             0.7760821149             0.0000000000
          136.4056259548             0.0293786285             0.7689674595             0.0000000000
          137.5456259548             0.0289017947             0.7619296620             0.0000000000
          138.6856259548             0.0284364123             0.7549586477             0.0000000000
          139.8256259548             0.0279821197             0.7480540418             0.0000000000
          140.9656259548             0.0275385692             0.7412206985             0.0000000000
          142.1056259548             0.0271054267             0.7344590923             0.0000000000
          143.2456259548             0.0266823706             0.7277625425             0.0000000000
          144.3856259548             0.0262690919             0.7211306088             0.0000000000
          145.5256259548             0.0258652931             0.7145710651             0.0000000000
          146.6656259548             0.0254706879             0.7080780128             0.0000000000
          147.8056259548             0.0250850007             0.7016480488             0.0000000000
          148.9456259548             0.0247079662             0.6952809048             0.0000000000
          150.0856259548             0.0243393286             0.6889864362             0.0000000000
          151.2256259548             0.0239788415             0.6827534385             0.0000000000
          152.3656259548             0.0236262677             0.6765814083             0.0000000000
          153.5056259548             0.0232813782             0.6704729888             0.0000000000
          154.6456259548             0.0229439524             0.6644317395             0.0000000000
          155.7856259548             0.0226137773             0.6584497688             0.0000000000
          156.9256259548             0.0222906477             0.6525265582             0.0000000000
          158.0656259548             0.0219743653             0.6466674576             0.0000000000
          159.2056259548             0.0216647389             0.6408701679             0.0000000000
          160.3456259548             0.0213615837             0.6351299170             0.0000000000
          161.4856259548             0.0210647216             0.6294461813             0.0000000000
          162.6256259548             0.0207739801             0.6238268070             0.0000000000
          163.7656259548             0.0204891928             0.6182640833             0.0000000000
          164.9056259548             0.0202101989             0.6127561498             0.0000000000
          166.0456259548             0.0199368430             0.6073038393             0.0000000000
          167.1856259548             0.0196689747             0.6019132226             0.0000000000
          168.3256259548             0.0194064487             0.5965756829             0.0000000000
          169.4656259548             0.0191491243             0.5912907047             0.0000000000
          170.6056259548             0.0188968657             0.5860616044             0.0000000000
          171.7456259548             0.0186495410             0.5808891070             0.0000000000
          172.8856259548             0.0184070231             0.5757674873             0.0000000001
          174.0256259548             0.0181691886             0.5706962403             0.0000000001
          175.1656259548             0.0179359180             0.5656809608             0.0000000002
          176.3056259548             0.0177070957             0.5607174603             0.0000000003
          177.4456259548             0.0174826098             0.5558026897             0.0000000004
          178.5856259548             0.0172623517             0.5509361581             0.0000000007
          179.7256259548             0.0170462163             0.5461255401             0.0000000011
          180.8656259548             0.0168341017             0.5413621494             0.0000000018
          182.0056259548             0.0166259091             0.5366454036             0.0000000028
          183.1456259548             0.0164215426             0.5319769722             0.0000000044
          184.2856259548             0.0162209094             0.5273599870             0.0000000068
          185.4256259548             0.0160239195             0.5227880938             0.0000000104
          186.5656259548             0.0158304853             0.5182608300             0.0000000160
          187.7056259548             0.0156405221             0.5137819373             0.0000000244
          188.8456259548             0.0154539476             0.5093500958             0.0000000370
          189.9856259548             0.0152706819             0.5049613872             0.0000000558
          191.1256259548             0.0150906475             0.5006153666             0.0000000837
          192.2656259548             0.0149137690             0.4963176666             0.0000001249
          193.4056259548             0.0147399734             0.4920628943             0.0000001855
          194.5456259548             0.0145691896             0.4878493719             0.0000002740
          195.6856259548             0.0144013486             0.4836774630             0.0000004024
          196.8256259548             0.0142363833             0.4795521484             0.0000005878
          197.9656259548             0.0140742287             0.4754666909             0.0000008541
          199.1056259548             0.0139148214             0.4714206773             0.0000012344
          200.2456259548             0.0137580999             0.4674163517             0.0000017743
          201.3856259548             0.0136040043             0.4634546671             0.0000025369
          202.5256259548             0.0134524765             0.4595310925             0.0000036077
          203.6656259548             0.0133034598             0.4556452323             0.0000051031
          204.8056259548             0.0131568992             0.4518010477             0.0000071799
          205.9456259548             0.0130127412             0.4479958050             0.0000100478
          207.0856259548             0.0128709337             0.4442270010             0.0000139864
          208.2256259548             0.0127314260             0.4404942576             0.0000193653
          209.3656259548             0.0125941687             0.4368031001             0.0000266702
          210.5056259548             0.0124591138             0.4331474270             0.0000365357
          211.6456259548             0.0123262146             0.4295265956             0.0000497852
          212.7856259548             0.0121954255             0.4259416545             0.0000674806
          213.9256259548             0.0120667022             0.4223953215             0.0000909821
          215.0656259548             0.0119400015             0.4188826538             0.0001220213
          216.2056259548             0.0118152814             0.4154033032             0.0001627877
          217.3456259548             0.0116925009             0.4119598765             0.0002160319
          218.4856259548             0.0115716201             0.4085517547             0.0002851862
          219.6256259548             0.0114526000             0.4051758275             0.0003745053
          220.7656259548             0.0113354028             0.4018317625             0.0004892275
          221.9056259548             0.0112199915             0.3985235885             0.0006357579
          223.0456259548             0.0111063301             0.3952476338             0.0008218748
          224.1856259548             0.0109943835             0.3920024706             0.0010569579
          225.3256259548             0.0108841173             0.3887882030             0.0013522385
          226.4656259548             0.0107754983             0.3856088919             0.0017210684
          227.6056259548             0.0106684938             0.3824593402             0.0021792049
          228.7456259548             0.0105630721             0.3793392422             0.0027451070
          229.8856259548             0.0104592022             0.3762501155             0.0034402362
          231.0256259548             0.0103568537             0.3731930017             0.0042893527
          232.1656259548             0.0102559973             0.3701643577             0.0053207995
          233.3056259548             0.0101566041             0.3671638921             0.0065667593
          234.4456259548             0.0100586460             0.3641944147             0.0080634734
          235.5856259548             0.0099620955             0.3612542000             0.0098514072
          236.7256259548             0.0098669258             0.3583412256             0.0119753442
          237.8656259548             0.0097731109             0.3554552139             0.0144843955
          239.0056259548             0.0096806252             0.3526001545             0.0174319044
          240.1456259548             0.0095894436             0.3497717888             0.0208752323
          241.2856259548             0.0094995419             0.3469694918             0.0248754103
          242.4256259548             0.0094108963             0.3441939105             0.0294966441
          243.5656259548             0.0093234835             0.3414473740             0.0348056625
          244.7056259548             0.0092372808             0.3387260444             0.0408709056
          245.8456259548             0.0091522659             0.3360296666             0.0477615506
          246.9856259548             0.0090684173             0.3333600625             0.0555463819
          248.1256259548             0.0089857137             0.3307170515             0.0642925178
          249.2656259548             0.0089041345             0.3280981709             0.0740640108
          250.4056259548             0.0088236592             0.3255031776             0.0849203473
          251.5456259548             0.0087442682             0.3229349680             0.0969148806
          252.6856259548             0.0086659421             0.3203910601             0.1100932323
          253.8256259548             0.0085886620             0.3178702565             0.1244917077
          254.9656259548             0.0085124093             0.3153725142             0.1401357726
          256.1056259548             0.0084371660             0.3129011445             0.1570386400
          257.2456259548             0.0083629143             0.3104521242             0.1752000199
          258.3856259548             0.0082896369             0.3080252300             0.1946050796
          259.5256259548             0.0082173169             0.3056214867             0.2152236619
          260.6656259548             0.0081459377             0.3032419292             0.2370098024
          261.8056259548             0.0080754831             0.3008837780             0.2599015781
          262.9456259548             0.0080059372             0.2985468202             0.2838213119
          264.0856259548             0.0079372844             0.2962330594             0.3086761469
          265.2256259548             0.0078695096             0.2939414389             0.3343589904
          266.3656259548             0.0078025979             0.2916703255             0.3607498179
          267.5056259548             0.0077365347             0.2894195158             0.3877173119
          268.6456259548             0.0076713057             0.2871919099             0.4151208005
          269.7856259548             0.0076068970             0.2849845313             0.4428124484
          270.9256259548             0.0075432949             0.2827968020             0.4706396430
          272.0656259548             0.0074804860             0.2806291077             0.4984475134
          273.2056259548             0.0074184572             0.2784834287             0.5260815111
          274.3456259548             0.0073571956             0.2763567679             0.5533899821
          275.4856259548             0.0072966887             0.2742489382             0.5802266587
          276.6256259548             0.0072369241             0.2721612172             0.6064530032
          277.7656259548             0.0071778897             0.2700936837             0.6319403407
          278.9056259548             0.0071195738             0.2680443791             0.6565717273
          280.0456259548             0.0070619648             0.2660131251             0.6802435081
          281.1856259548             0.0070050511             0.2640020175             0.7028665335
          282.3256259548             0.0069488218             0.2620093862             0.7243670114
          283.4656259548             0.0068932660             0.2600342308             0.7446869890
          284.6056259548             0.0068383728             0.2580764279             0.7637844670
          285.7456259548             0.0067841319             0.2561386827             0.7816331630
          286.8856259548             0.0067305330             0.2542178590             0.7982219505
          288.0256259548             0.0066775659             0.2523137927             0.8135540094
          289.1656259548             0.0066252208             0.2504271731             0.8276457290
          290.3056259548             0.0065734881             0.2485589756             0.8405254124
          291.4456259548             0.0065223581             0.2467070063             0.8522318314
          292.5856259548             0.0064718217             0.2448711083             0.8628126828
          293.7256259548             0.0064218696             0.2430527182             0.8723229967
          294.8656259548             0.0063724929             0.2412512180             0.8808235416
          296.0056259548             0.0063236828             0.2394652839             0.8883792704
          297.1456259548             0.0062754306             0.2376947661             0.8950578428
          298.2856259548             0.0062277280             0.2359417874             0.9009282549
          299.4256259548             0.0061805666             0.2342042631             0.9060596000
          300.5656259548             0.0061339382             0.2324816726             0.9105199767
          301.7056259548             0.0060878349             0.2307742316             0.9143755550
          302.8456259548             0.0060422489             0.2290836163             0.9176898045
          303.9856259548             0.0059971723             0.2274074691             0.9205228827
          305.1256259548             0.0059525978             0.2257456522             0.9229311772
          306.2656259548             0.0059085177             0.2240990635             0.9249669921
          307.4056259548             0.0058649250             0.2224679265             0.9266783651
          308.5456259548             0.0058218124             0.2208506748             0.9281089998
          309.6856259548             0.0057791728             0.2192471765             0.9292982973
          310.8256259548             0.0057369995             0.2176589576             0.9302814703
          311.9656259548             0.0056952857             0.2160849021             0.9310897228
          313.1056259548             0.0056540246             0.2145241751             0.9317504798
          314.2456259548             0.0056132099             0.2129766503             0.9322876530
          315.3856259548             0.0055728350             0.2114444309             0.9327219275
          316.5256259548             0.0055328937             0.2099251671             0.9330710616
          317.6656259548             0.0054933798             0.2084186995             0.9333501860
          318.8056259548             0.0054542873             0.2069254880             0.9335720980
          319.9456259548             0.0054156101             0.2054464238             0.9337475433
          321.0856259548             0.0053773425             0.2039797635             0.9338854802
          322.2256259548             0.0053394786             0.2025253907             0.9339933243
          323.3656259548             0.0053020128             0.2010843402             0.9340771718
          324.5056259548             0.0052649396             0.1996562795             0.9341419997
          325.6456259548             0.0052282535             0.1982401312             0.9341918435
          326.7856259548             0.0051919490             0.1968357843             0.9342299535
          327.9256259548             0.0051560211             0.1954448026             0.9342589298
          329.0656259548             0.0051204644             0.1940657245             0.9342808389
          330.2056259548             0.0050852739             0.1926980891             0.9342973123
          331.3456259548             0.0050504446             0.1913420018             0.9343096298
          332.4856259548             0.0050159716             0.1899988781             0.9343187886
          333.6256259548             0.0049818499             0.1886668505             0.9343255608
          334.7656259548             0.0049480749             0.1873458164             0.9343305405
          335.9056259548             0.0049146419             0.1860364075             0.9343341818
          337.0456259548             0.0048815463             0.1847389209             0.9343368295
          338.1856259548             0.0048487836             0.1834520963             0.9343387441
          339.3256259548             0.0048163493             0.1821758355             0.9343401209
          340.4656259548             0.0047842390             0.1809112558             0.9343411054
          341.6056259548             0.0047524485             0.1796576203             0.9343418055
          342.7456259548             0.0047209735             0.1784142315             0.9343423006
          343.8856259548             0.0046898099             0.1771809955             0.9343426487
          345.0256259548             0.0046589535             0.1759594770             0.9343428922
          346.1656259548             0.0046284005             0.1747479842             0.9343430615
          347.3056259548             0.0045981467             0.1735463409             0.9343431786
          348.4456259548             0.0045681883             0.1723548496             0.9343432591
          349.5856259548             0.0045385215             0.1711743089             0.9343433141
          350.7256259548             0.0045091425             0.1700033244             0.9343433516
          351.8656259548             0.0044800476             0.1688418088             0.9343433769
          353.0056259548             0.0044512332             0.1676905101             0.9343433940
          354.1456259548             0.0044226956             0.1665492780             0.9343434053
          355.2856259548             0.0043944313             0.1654172271             0.9343434129
          356.4256259548             0.0043664369             0.1642942605             0.9343434179
          357.5656259548             0.0043387089             0.1631814857             0.9343434212
          358.7056259548             0.0043112440             0.1620777825             0.9343434234
          359.8456259548             0.0042840389             0.1609825963             0.9343434248
          360.9856259548             0.0042570902             0.1598957661             0.9343434257
          362.1256259548             0.0042303948             0.1588181999             0.9343434263
          363.2656259548             0.0042039495             0.1577484144             0.9343434266
          364.4056259548             0.0041777513             0.1566862991             0.9343434269
          365.5456259548             0.0041517969             0.1556322434             0.9343434270
          366.6856259548             0.0041260835             0.1545865481             0.9343434271
          367.8256259548             0.0041006080             0.1535483072             0.9343434272
          368.9656259548             0.0040753676             0.1525174701             0.9343434272
          370.1056259548             0.0040503593             0.1514948044             0.9343434272
          371.2456259548             0.0040255803             0.1504799015             0.9343434273
          372.3856259548             0.0040010278             0.1494722542             0.9343434273
          373.5256259548             0.0039766991             0.1484718221             0.9343434273
          374.6656259548             0.0039525915             0.1474797135             0.9343434273
          375.8056259548             0.0039287022             0.1464948344             0.9343434273
          376.9456259548             0.0039050287             0.1455170476             0.9343434273
          378.0856259548             0.0038815684             0.1445465642             0.9343434273
          379.2256259548             0.0038583187             0.1435840797             0.9343434273
          380.3656259548             0.0038352771             0.1426285754             0.9343434273
          381.5056259548             0.0038124412             0.1416800182             0.9343434273
          382.6456259548             0.0037898084             0.1407389545             0.9343434273
          383.7856259548             0.0037673765             0.1398053890             0.9343434273
          384.9256259548             0.0037451430             0.1388786628             0.9343434273
          386.0656259548             0.0037231056             0.1379587429             0.9343434273
          387.2056259548             0.0037012619             0.1370464946             0.9343434273
          388.3456259548             0.0036796099             0.1361412569             0.9343434273
          389.4856259548             0.0036581471             0.1352427147             0.9343434273
          390.6256259548             0.0036368714             0.1343508839             0.9343434273
          391.7656259548             0.0036157807             0.1334667809             0.9343434273
          392.9056259548             0.0035948728             0.1325892576             0.9343434273
          394.0456259548             0.0035741456             0.1317182779             0.9343434273
          395.1856259548             0.0035535970             0.1308541722             0.9343434273
          396.3256259548             0.0035332249             0.1299972919             0.9343434273
          397.4656259548             0.0035130275             0.1291468319             0.9343434273
          398.6056259548             0.0034930026             0.1283027537             0.9343434273
          399.7456259548             0.0034731484             0.1274656858             0.9343434273
          400.8856259548             0.0034534628             0.1266353459             0.9343434273
          402.0256259548             0.0034339440             0.1258112575             0.9343434273
          403.1656259548             0.0034145901             0.1249933800             0.9343434273
          404.3056259548             0.0033953992             0.1241826231             0.9343434273
          405.4456259548             0.0033763696             0.1233781046             0.9343434273
          406.5856259548             0.0033574995             0.1225796610             0.9343434273
          407.7256259548             0.0033387869             0.1217874265             0.9343434273
          408.8656259548             0.0033202303             0.1210020464             0.9343434273
          410.0056259548             0.0033018278             0.1202226022             0.9343434273
          411.1456259548             0.0032835779             0.1194490514             0.9343434273
          412.2856259548             0.0032654787             0.1186818072             0.9343434273
          413.4256259548             0.0032475286             0.1179209206             0.9343434273
          414.5656259548             0.0032297261             0.1171657861             0.9343434273
          415.7056259548             0.0032120694             0.1164163607             0.9343434273
          416.8456259548             0.0031945571             0.1156733192             0.9343434273
          417.9856259548             0.0031771875             0.1149361547             0.9343434273
          419.1256259548             0.0031599591             0.1142045574             0.9343434273
          420.2656259548             0.0031428704             0.1134784953             0.9343434273
          421.4056259548             0.0031259198             0.1127588544             0.9343434273
          422.5456259548             0.0031091059             0.1120446394             0.9343434273
          423.6856259548             0.0030924272             0.1113358074             0.9343434273
          424.8256259548             0.0030758823             0.1106325869             0.9343434273
          425.9656259548             0.0030594698             0.1099353112             0.9343434273
          427.1056259548             0.0030431882             0.1092432788             0.9343434273
          428.2456259548             0.0030270361             0.1085564479             0.9343434273
          429.3856259548             0.0030110122             0.1078752897             0.9343434273
          430.5256259548             0.0029951151             0.1071996209             0.9343434273
          431.6656259548             0.0029793435             0.1065290164             0.9343434273
          432.8056259548             0.0029636961             0.1058634349             0.9343434273
          433.9456259548             0.0029481716             0.1052035741             0.9343434273
          435.0856259548             0.0029327687             0.1045487690             0.9343434273
          436.2256259548             0.0029174861             0.1038988530             0.9343434273
          437.3656259548             0.0029023225             0.1032539002             0.9343434273
          438.5056259548             0.0028872768             0.1026144758             0.9343434273
          439.6456259548             0.0028723478             0.1019798093             0.9343434273
          440.7856259548             0.0028575342             0.1013498615             0.9343434273
          441.9256259548             0.0028428348             0.1007249317             0.9343434273
          443.0656259548             0.0028282485             0.1001051076             0.9343434273
          444.2056259548             0.0028137741             0.0994898749             0.9343434273
          445.3456259548             0.0027994104             0.0988791956             0.9343434273
          446.4856259548             0.0027851564             0.0982735785             0.9343434273
          447.6256259548             0.0027710110             0.0976726665             0.9343434273
          448.7656259548             0.0027569730             0.0970761847             0.9343434273
          449.9056259548             0.0027430413             0.0964840963             0.9343434273
          451.0456259548             0.0027292149             0.0958971048             0.9343434273
          452.1856259548             0.0027154927             0.0953144391             0.9343434273
          453.3256259548             0.0027018737             0.0947360477             0.9343434273
          454.4656259548             0.0026883569             0.0941620865             0.9343434273
          455.6056259548             0.0026749412             0.0935927981             0.9343434273
