# Energy loss (meV)	Quasi-elastic (arb. units)	Magnetic excitations (arb. units)	dd excitations (arb. units)
         -227.7421501270             0.0047816466             0.0065499586             0.0000000000
         -226.6021501270             0.0048295770             0.0066227432             0.0000000000
         -225.4621501270             0.0048782301             0.0066959166             0.0000000000
         -224.3221501270             0.0049276205             0.0067694935             0.0000000000
         -223.1821501270             0.0049777632             0.0068435087             0.0000000000
         -222.0421501270             0.0050286735             0.0069180163             0.0000000000
         -220.9021501270             0.0050803671             0.0069929771             0.0000000000
         -219.7621501270             0.0051328601             0.0070684064             0.0000000000
         -218.6221501270             0.0051861691             0.0071443650             0.0000000000
         -217.4821501270             0.0052403109             0.0072208687             0.0000000000
         -216.3421501270             0.0052953031             0.0072978924             0.0000000000
         -215.2021501270             0.0053511634             0.0073754522             0.0000000000
         -214.0621501270             0.0054079102             0.0074536413             0.0000000000
         -212.9221501270             0.0054655623             0.0075324249             0.0000000000
         -211.7821501270             0.0055241391             0.0076117982             0.0000000000
         -210.6421501270             0.0055836602             0.0076917823             0.0000000000
         -209.5021501270             0.0056441462             0.0077724968             0.0000000000
         -208.3621501270             0.0057056179             0.0078538566             0.0000000000
         -207.2221501270             0.0057680968             0.0079358791             0.0000000000
         -206.0821501270             0.0058316050             0.0080186182             0.0000000000
         -204.9421501270             0.0058961651             0.0081021439             0.0000000000
         -203.8021501270             0.0059618004             0.0081863907             0.0000000000
         -202.6621501270             0.0060285350             0.0082713767             0.0000000000
         -201.5221501270             0.0060963933             0.0083571964             0.0000000000
         -200.3821501270             0.0061654008             0.0084438565             0.0000000000
         -199.2421501270             0.0062355833             0.0085313177             0.0000000000
         -198.1021501270             0.0063069678             0.0086195994             0.0000000000
         -196.9621501270             0.0063795817             0.0087088438             0.0000000000
         -195.8221501270             0.0064534533             0.0087989805             0.0000000000
         -194.6821501270             0.0065286117             0.0088900033             0.0000000000
         -193.5421501270             0.0066050870             0.0089819456             0.0000000000
         -192.4021501270             0.0066829100             0.0090749680             0.0000000000
         -191.2621501270             0.0067621124             0.0091689456             0.0000000000
         -190.1221501270             0.0068427270             0.0092638999             0.0000000000
         -188.9821501270             0.0069247873             0.0093599134             0.0000000000
         -187.8421501270             0.0070083282             0.0094570705             0.0000000000
         -186.7021501270             0.0070933852             0.0095552785             0.0000000000
         -185.5621501270             0.0071799952             0.0096545606             0.0000000000
         -184.4221501270             0.0072681961             0.0097550577             0.0000000000
         -183.2821501270             0.0073580270             0.0098567611             0.0000000000
         -182.1421501270             0.0074495282             0.0099596185             0.0000000000
         -181.0021501270             0.0075427411             0.0100636550             0.0000000000
         -179.8621501270             0.0076377087             0.0101690806             0.0000000000
         -178.7221501270             0.0077344750             0.0102757748             0.0000000000
         -177.5821501270             0.0078330856             0.0103837345             0.0000000000
         -176.4421501270             0.0079335876             0.0104930147             0.0000000000
         -175.3021501270             0.0080360294             0.0106038238             0.0000000000
         -174.1621501270             0.0081404611             0.0107159907             0.0000000000
         -173.0221501270             0.0082469344             0.0108295448             0.0000000000
         -171.8821501270             0.0083555026             0.0109446115             0.0000000000
         -170.7421501270             0.0084662209             0.0110612889             0.0000000000
         -169.6021501270             0.0085791462             0.0111794541             0.0000000000
         -168.4621501270             0.0086943373             0.0112991392             0.0000000000
         -167.3221501270             0.0088118550             0.0114205533             0.0000000000
         -166.1821501270             0.0089317621             0.0115436616             0.0000000000
         -165.0421501270             0.0090541236             0.0116684002             0.0000000000
         -163.9021501270             0.0091790066             0.0117948043             0.0000000000
         -162.7621501270             0.0093064807             0.0119231819             0.0000000000
         -161.6221501270             0.0094366177             0.0120533390             0.0000000000
         -160.4821501270             0.0095694919             0.0121852832             0.0000000000
         -159.3421501270             0.0097051804             0.0123191049             0.0000000000
         -158.2021501270             0.0098437628             0.0124550735             0.0000000000
         -157.0621501270             0.0099853216             0.0125929607             0.0000000000
         -155.9221501270             0.0101299424             0.0127328084             0.0000000000
         -154.7821501270             0.0102777136             0.0128748089             0.0000000000
         -153.6421501270             0.0104287270             0.0130190742             0.0000000000
         -152.5021501270             0.0105830776             0.0131654458             0.0000000000
         -151.3621501270             0.0107408641             0.0133139701             0.0000000000
         -150.2221501270             0.0109021888             0.0134649609             0.0000000000
         -149.0821501270             0.0110671576             0.0136183401             0.0000000000
         -147.9421501270             0.0112358805             0.0137740343             0.0000000000
         -146.8021501270             0.0114084719             0.0139320955             0.0000000000
         -145.6621501270             0.0115850501             0.0140929814             0.0000000000
         -144.5221501270             0.0117657385             0.0142563852             0.0000000000
         -143.3821501270             0.0119506646             0.0144223373             0.0000000000
         -142.2421501270             0.0121399616             0.0145909879             0.0000000000
         -141.1021501270             0.0123337673             0.0147626893             0.0000000000
         -139.9621501270             0.0125322253             0.0149371369             0.0000000000
         -138.8221501270             0.0127354849             0.0151143944             0.0000000000
         -137.6821501270             0.0129437012             0.0152947621             0.0000000000
         -136.5421501270             0.0131570359             0.0154783657             0.0000000000
         -135.4021501270             0.0133756571             0.0156650019             0.0000000000
         -134.2621501270             0.0135997397             0.0158547424             0.0000000000
         -133.1221501270             0.0138294661             0.0160480681             0.0000000000
         -131.9821501270             0.0140650263             0.0162448278             0.0000000000
         -130.8421501270             0.0143066180             0.0164449435             0.0000000000
         -129.7021501270             0.0145544477             0.0166484962             0.0000000000
         -128.5621501270             0.0148087305             0.0168561836             0.0000000000
         -127.4221501270             0.0150696908             0.0170675178             0.0000000000
         -126.2821501270             0.0153375629             0.0172825744             0.0000000000
         -125.1421501270             0.0156125914             0.0175016077             0.0000000000
         -124.0021501270             0.0158950315             0.0177250896             0.0000000000
         -122.8621501270             0.0161851500             0.0179526089             0.0000000000
         -121.7221501270             0.0164832257             0.0181842678             0.0000000000
         -120.5821501270             0.0167895499             0.0184205493             0.0000000000
         -119.4421501270             0.0171044276             0.0186615911             0.0000000000
         -118.3021501270             0.0174281775             0.0189071325             0.0000000000
         -117.1621501270             0.0177611334             0.0191572904             0.0000000000
         -116.0221501270             0.0181036448             0.0194128272             0.0000000000
         -114.8821501270             0.0184560778             0.0196734650             0.0000000000
         -113.7421501270             0.0188188158             0.0199391326             0.0000000000
         -112.6021501270             0.0191922611             0.0202099801             0.0000000000
         -111.4621501270             0.0195768355             0.0204870639             0.0000000000
         -110.3221501270             0.0199729814             0.0207696383             0.0000000000
         -109.1821501270             0.0203811635             0.0210578533             0.0000000000
         -108.0421501270             0.0208018696             0.0213521524             0.0000000000
         -106.9021501270             0.0212356123             0.0216531924             0.0000000000
         -105.7621501270             0.0216829303             0.0219604063             0.0000000000
         -104.6221501270             0.0221443904             0.0222739685             0.0000000000
         -103.4821501270             0.0226205887             0.0225946883             0.0000000000
         -102.3421501270             0.0231121528             0.0229227108             0.0000000000
         -101.2021501270             0.0236197438             0.0232577020             0.0000000000
         -100.0621501270             0.0241440581             0.0235998650             0.0000000000
          -98.9221501270             0.0246858302             0.0239504664             0.0000000000
          -97.7821501270             0.0252458348             0.0243089986             0.0000000000
          -96.6421501270             0.0258248895             0.0246754287             0.0000000000
          -95.5021501270             0.0264238581             0.0250500777             0.0000000000
          -94.3621501270             0.0270436534             0.0254345343             0.0000000000
          -93.2221501270             0.0276852405             0.0258277105             0.0000000000
          -92.0821501270             0.0283496413             0.0262298770             0.0000000000
          -90.9421501270             0.0290379379             0.0266418438             0.0000000000
          -89.8021501270             0.0297512778             0.0270645766             0.0000000000
          -88.6621501270             0.0304908790             0.0274972715             0.0000000000
          -87.5221501270             0.0312580358             0.0279402494             0.0000000000
          -86.3821501270             0.0320541259             0.0283949475             0.0000000000
          -85.2421501270             0.0328806183             0.0288615066             0.0000000000
          -84.1021501270             0.0337390825             0.0293395057             0.0000000000
          -82.9621501270             0.0346312004             0.0298293283             0.0000000000
          -81.8221501270             0.0355587792             0.0303332171             0.0000000000
          -80.6821501270             0.0365237689             0.0308502261             0.0000000000
          -79.5421501270             0.0375282830             0.0313804468             0.0000000000
          -78.4021501270             0.0385746250             0.0319245795             0.0000000000
          -77.2621501270             0.0396653214             0.0324851914             0.0000000000
          -76.1221501270             0.0408031647             0.0330606222             0.0000000000
          -74.9821501270             0.0419912669             0.0336514100             0.0000000000
          -73.8421501270             0.0432331290             0.0342591459             0.0000000000
          -72.7021501270             0.0445327296             0.0348853783             0.0000000000
          -71.5621501270             0.0458946372             0.0355289382             0.0000000000
          -70.4221501270             0.0473241539             0.0361904917             0.0000000000
          -69.2821501270             0.0488274974             0.0368728307             0.0000000000
          -68.1421501270             0.0504120302             0.0375760990             0.0000000000
          -67.0021501270             0.0520865473             0.0382998382             0.0000000000
          -65.8621501270             0.0538616345             0.0390449014             0.0000000000
          -64.7221501270             0.0557501124             0.0398157404             0.0000000000
          -63.5821501270             0.0577675806             0.0406105783             0.0000000000
          -62.4421501270             0.0599330826             0.0414300054             0.0000000000
          -61.3021501270             0.0622699069             0.0422758264             0.0000000000
          -60.1621501270             0.0648065481             0.0431529899             0.0000000000
          -59.0221501270             0.0675778448             0.0440589989             0.0000000000
          -57.8821501270             0.0706263157             0.0449954299             0.0000000000
          -56.7421501270             0.0740037104             0.0459663938             0.0000000000
          -55.6021501270             0.0777727879             0.0469755443             0.0000000000
          -54.4621501270             0.0820093315             0.0480217395             0.0000000000
          -53.3221501270             0.0868043996             0.0491075720             0.0000000000
          -52.1821501270             0.0922668019             0.0502412562             0.0000000000
          -51.0421501270             0.0985257782             0.0514246152             0.0000000000
          -49.9021501270             0.1057338396             0.0526591376             0.0000000000
          -48.7621501270             0.1140697153             0.0539495297             0.0000000000
          -47.6221501270             0.1237413246             0.0553120207             0.0000000000
          -46.4821501270             0.1349886729             0.0567451824             0.0000000000
          -45.3421501270             0.1480865445             0.0582558259             0.0000000000
          -44.2021501270             0.1633468407             0.0598559073             0.0000000000
          -43.0621501270             0.1811203878             0.0615690414             0.0000000000
          -41.9221501270             0.2017980183             0.0633951574             0.0000000000
          -40.7821501270             0.2258107119             0.0653489489             0.0000000000
          -39.6421501270             0.2536285728             0.0674599108             0.0000000000
          -38.5021501270             0.2857584162             0.0697560459             0.0000000000
          -37.3621501270             0.3227397476             0.0722462215             0.0000000000
          -36.2221501270             0.3651389371             0.0749572596             0.0000000000
          -35.0821501270             0.4135414263             0.0779544514             0.0000000000
          -33.9421501270             0.4685418542             0.0812626236             0.0000000000
          -32.8021501270             0.5307320522             0.0849088510             0.0000000000
          -31.6621501270             0.6006869338             0.0889388302             0.0000000000
          -30.5221501270             0.6789483978             0.0934853552             0.0000000000
          -29.3821501270             0.7660074568             0.0985452947             0.0000000000
          -28.2421501270             0.8622849096             0.1041801712             0.0000000000
          -27.1021501270             0.9681109733             0.1104887756             0.0000000000
          -25.9621501270             1.0837043887             0.1176373047             0.0000000000
          -24.8221501270             1.2091515869             0.1256219074             0.0000000000
          -23.6821501270             1.3443865649             0.1345365950             0.0000000000
          -22.5421501270             1.4891721421             0.1445768871             0.0000000000
          -21.4021501270             1.6430832642             0.1558851511             0.0000000000
          -20.2621501270             1.8054929741             0.1684807601             0.0000000000
          -19.1221501270             1.9755615848             0.1824852331             0.0000000000
          -17.9821501270             2.1522294813             0.1982390548             0.0000000000
          -16.8421501270             2.3342138463             0.2157712476             0.0000000000
          -15.7021501270             2.5200094937             0.2351451203             0.0000000000
          -14.5621501270             2.7078939210             0.2564981117             0.0000000000
          -13.4221501270             2.8959367231             0.2803591049             0.0000000000
          -12.2821501270             3.0820136751             0.3065174773             0.0000000000
          -11.1421501270             3.2638261515             0.3351054000             0.0000000000
          -10.0021501270             3.4389270861             0.3663722289             0.0000000000
           -8.8621501270             3.6047553353             0.4006941097             0.0000000000
           -7.7221501270             3.7586808948             0.4378464109             0.0000000000
           -6.5821501270             3.8980636207             0.4779306797             0.0000000000
           -5.4421501270             4.0203274977             0.5213136209             0.0000000000
           -4.3021501270             4.1230506851             0.5680673521             0.0000000000
           -3.1621501270             4.2040684143             0.6179859243             0.0000000000
           -2.0221501270             4.2615816821             0.6711019585             0.0000000000
           -0.8821501270             4.2942606337             0.7278594829             0.0000000000
            0.2578498730             4.3013290710             0.7879355948             0.0000000000
            1.3978498730             4.2826170813             0.8511637723             0.0000000000
            2.5378498730             4.2385728896             0.9174985612             0.0000000000
            3.6778498730             4.1702318512             0.9873221773             0.0000000000
            4.8178498730             4.0791479735             1.0600008265             0.0000000000
            5.9578498730             3.9672991429             1.1353955395             0.0000000000
            7.0978498730             3.8369797503             1.2134677995             0.0000000000
            8.2378498730             3.6906934687             1.2941712583             0.0000000000
            9.3778498730             3.5310555566             1.3769953290             0.0000000000
           10.5178498730             3.3607098054             1.4617245266             0.0000000000
           11.6578498730             3.1822614733             1.5482684822             0.0000000000
           12.7978498730             2.9982249868             1.6363060075             0.0000000000
           13.9378498730             2.8109839638             1.7254624201             0.0000000000
           15.0778498730             2.6227609241             1.8154846806             0.0000000000
           16.2178498730             2.4355944793             1.9061658624             0.0000000000
           17.3578498730             2.2513224398             1.9971423584             0.0000000000
           18.4978498730             2.0715699011             2.0881407257             0.0000000000
           19.6378498730             1.8977418273             2.1789026200             0.0000000000
           20.7778498730             1.7310199199             2.2690669133             0.0000000000
           21.9178498730             1.5723636592             2.3584442605             0.0000000000
           23.0578498730             1.4225153823             2.4468045881             0.0000000000
           24.1978498730             1.2820091676             2.5338414038             0.0000000000
           25.3378498730             1.1511831701             2.6192185258             0.0000000000
           26.4778498730             1.0301949290             2.7028895808             0.0000000000
           27.6178498730             0.9190390711             2.7846695179             0.0000000000
           28.7578498730             0.8175667617             2.8641540628             0.0000000000
           29.8978498730             0.7255062329             2.9412195535             0.0000000000
           31.0378498730             0.6424837220             3.0158705865             0.0000000000
           32.1778498730             0.5680441964             3.0879752604             0.0000000000
           33.3178498730             0.5016713089             3.1570013552             0.0000000000
           34.4578498730             0.4428061124             3.2231566163             0.0000000000
           35.5978498730             0.3908641618             3.2864186488             0.0000000000
           36.7378498730             0.3452507325             3.3466478079             0.0000000000
           37.8778498730             0.3053739871             3.4033551513             0.0000000000
           39.0178498730             0.2706560151             3.4569498511             0.0000000000
           40.1578498730             0.2405417551             3.5073887358             0.0000000000
           41.2978498730             0.2145058804             3.5544296789             0.0000000000
           42.4378498730             0.1920577860             3.5979036537             0.0000000000
           43.5778498730             0.1727448560             3.6381485013             0.0000000000
           44.7178498730             0.1561542203             3.6751613199             0.0000000000
           45.8578498730             0.1419132230             3.7085930130             0.0000000000
           46.9978498730             0.1296888285             3.7386099319             0.0000000000
           48.1378498730             0.1191861861             3.7654410579             0.0000000000
           49.2778498730             0.1101465591             3.7891156726             0.0000000000
           50.4178498730             0.1023448057             3.8091904976             0.0000000000
           51.5578498730             0.0955865773             3.8261413665             0.0000000000
           52.6978498730             0.0897053736             3.8400754123             0.0000000000
           53.8378498730             0.0845595711             3.8509694939             0.0000000000
           54.9778498730             0.0800295150             3.8585421616             0.0000000000
           56.1178498730             0.0760147463             3.8632928584             0.0000000000
           57.2578498730             0.0724314100             3.8652895964             0.0000000000
           58.3978498730             0.0692098794             3.8644168935             0.0000000000
           59.5378498730             0.0662926111             3.8606861653             0.0000000000
           60.6778498730             0.0636322377             3.8544485250             0.0000000000
           61.8178498730             0.0611898935             3.8457845726             0.0000000000
           62.9578498730             0.0589337630             3.8345127716             0.0000000000
           64.0978498730             0.0568378365             3.8208741643             0.0000000000
           65.2378498730             0.0548808547             3.8050878204             0.0000000000
           66.3778498730             0.0530454228             3.7872409785             0.0000000000
           67.5178498730             0.0513172729             3.7671158032             0.0000000000
           68.6578498730             0.0496846565             3.7451098062             0.0000000000
           69.7978498730             0.0481378472             3.7213348469             0.0000000000
           70.9378498730             0.0466687379             3.6958266277             0.0000000000
           72.0778498730             0.0452705160             3.6685193042             0.0000000000
           73.2178498730             0.0439374032             3.6397335187             0.0000000000
           74.3578498730             0.0426644491             3.6095559267             0.0000000000
           75.4978498730             0.0414473681             3.5779765083             0.0000000000
           76.6378498730             0.0402824100             3.5450772783             0.0000000000
           77.7778498730             0.0391662593             3.5110636000             0.0000000000
           78.9178498730             0.0380959563             3.4760164490             0.0000000000
           80.0578498730             0.0370688347             3.4399067953             0.0000000000
           81.1978498730             0.0360824734             3.4028957738             0.0000000000
           82.3378498730             0.0351346586             3.3651053190             0.0000000000
           83.4778498730             0.0342233537             3.3266081825             0.0000000000
           84.6178498730             0.0333466757             3.2873789517             0.0000000000
           85.7578498730             0.0325028758             3.2475986899             0.0000000000
           86.8978498730             0.0316903246             3.2073357912             0.0000000000
           88.0378498730             0.0309074993             3.1666390633             0.0000000000
           89.1778498730             0.0301529732             3.1255468884             0.0000000000
           90.3178498730             0.0294254074             3.0841706678             0.0000000000
           91.4578498730             0.0287235428             3.0425654518             0.0000000000
           92.5978498730             0.0280461940             3.0007734587             0.0000000000
           93.7378498730             0.0273922437             2.9588552388             0.0000000000
           94.8778498730             0.0267606376             2.9168724629             0.0000000000
           96.0178498730             0.0261503800             2.8748699036             0.0000000000
           97.1578498730             0.0255605298             2.8328984884             0.0000000000
           98.2978498730             0.0249901969             2.7910026892             0.0000000000
           99.4378498730             0.0244385388             2.7492183928             0.0000000000
          100.5778498730             0.0239047575             2.7075810302             0.0000000000
          101.7178498730             0.0233880970             2.6661595660             0.0000000000
          102.8578498730             0.0228878401             2.6249571844             0.0000000000
          103.9978498730             0.0224033068             2.5840021007             0.0000000000
          105.1378498730             0.0219338515             2.5433348406             0.0000000000
          106.2778498730             0.0214788608             2.5030081093             0.0000000000
          107.4178498730             0.0210377523             2.4630083707             0.0000000000
          108.5578498730             0.0206099721             2.4233559803             0.0000000000
          109.6978498730             0.0201949935             2.3841052410             0.0000000000
          110.8378498730             0.0197923151             2.3452727071             0.0000000000
          111.9778498730             0.0194014600             2.3068432741             0.0000000000
          113.1178498730             0.0190219736             2.2688306643             0.0000000000
          114.2578498730             0.0186534229             2.2313079798             0.0000000000
          115.3978498730             0.0182953953             2.1942442672             0.0000000000
          116.5378498730             0.0179474970             2.1576332531             0.0000000000
          117.6778498730             0.0176093525             2.1214873968             0.0000000000
          118.8178498730             0.0172806034             2.0858883014             0.0000000000
          119.9578498730             0.0169609075             2.0507651945             0.0000000000
          121.0978498730             0.0166499377             2.0161229686             0.0000000000
          122.2378498730             0.0163473818             1.9819920678             0.0000000000
          123.3778498730             0.0160529410             1.9484083150             0.0000000000
          124.5178498730             0.0157663298             1.9153154704             0.0000000000
          125.6578498730             0.0154872748             1.8827149112             0.0000000000
          126.7978498730             0.0152155146             1.8506563580             0.0000000000
          127.9378498730             0.0149507988             1.8191276238             0.0000000000
          129.0778498730             0.0146928876             1.7880910984             0.0000000000
          130.2178498730             0.0144415512             1.7575455246             0.0000000000
          131.3578498730             0.0141965695             1.7275596063             0.0000000000
          132.4978498730             0.0139577313             1.6980743424             0.0000000000
          133.6378498730             0.0137248342             1.6690725164             0.0000000000
          134.7778498730             0.0134976839             1.6405584715             0.0000000000
          135.9178498730             0.0132760940             1.6125960499             0.0000000000
          137.0578498730             0.0130598855             1.5851053565             0.0000000000
          138.1978498730             0.0128488866             1.5580821756             0.0000000000
          139.3378498730             0.0126429322             1.5315499810             0.0000000000
          140.4778498730             0.0124418635             1.5055269710             0.0000000000
          141.6178498730             0.0122455282             1.4799558823             0.0000000000
          142.7578498730             0.0120537796             1.4548315588             0.0000000000
          143.8978498730             0.0118664766             1.4301950006             0.0000000000
          145.0378498730             0.0116834837             1.4060226954             0.0000000000
          146.1778498730             0.0115046702             1.3822791226             0.0000000000
          147.3178498730             0.0113299104             1.3589585668             0.0000000000
          148.4578498730             0.0111590834             1.3361175621             0.0000000000
          149.5978498730             0.0109920726             1.3136955675             0.0000000000
          150.7378498730             0.0108287657             1.2916772152             0.0000000000
          151.8778498730             0.0106690545             1.2700653676             0.0000000000
          153.0178498730             0.0105128347             1.2489033898             0.0000000000
          154.1578498730             0.0103600057             1.2281252188             0.0000000000
          155.2978498730             0.0102104706             1.2077248064             0.0000000000
          156.4378498730             0.0100641357             1.1877209039             0.0000000000
          157.5778498730             0.0099209109             1.1681202461             0.0000000000
          158.7178498730             0.0097807089             1.1488774625             0.0000000000
          159.8578498730             0.0096434456             1.1299865662             0.0000000000
          160.9978498730             0.0095090399             1.1114800540             0.0000000000
          162.1378498730             0.0093774133             1.0933328465             0.0000000000
          163.2778498730             0.0092484900             1.0755180481             0.0000000000
          164.4178498730             0.0091221968             1.0580298477             0.0000000000
          165.5578498730             0.0089984629             1.0409124120             0.0000000000
          166.6978498730             0.0088772199             1.0241134715             0.0000000000
          167.8378498730             0.0087584016             1.0076223668             0.0000000000
          168.9778498730             0.0086419440             0.9914422821             0.0000000000
          170.1178498730             0.0085277853             0.9756008781             0.0000000000
          171.2578498730             0.0084158656             0.9600492364             0.0000000000
          172.3978498730             0.0083061268             0.9447820240             0.0000000000
          173.5378498730             0.0081985130             0.9298144413             0.0000000000
          174.6778498730             0.0080929698             0.9151469437             0.0000000000
          175.8178498730             0.0079894446             0.9007468132             0.0000000000
          176.9578498730             0.0078878864             0.8866090362             0.0000000000
          178.0978498730             0.0077882459             0.8727589743             0.0000000000
          179.2378498730             0.0076904753             0.8591739241             0.0000000000
          180.3778498730             0.0075945282             0.8458352457             0.0000000000
          181.5178498730             0.0075003598             0.8327382577             0.0000000000
          182.6578498730             0.0074079264             0.8199168042             0.0000000000
          183.7978498730             0.0073171859             0.8073286786             0.0000000001
          184.9378498730             0.0072280973             0.7949673642             0.0000000001
          186.0778498730             0.0071406208             0.7828364412             0.0000000001
          187.2178498730             0.0070547180             0.7709529533             0.0000000002
          188.3578498730             0.0069703513             0.7592822357             0.0000000003
          189.4978498730             0.0068874846             0.7478201935             0.0000000005
          190.6378498730             0.0068060825             0.7365791764             0.0000000007
          191.7778498730             0.0067261108             0.7255565601             0.0000000011
          192.9178498730             0.0066475364             0.7147296458             0.0000000016
          194.0578498730             0.0065703270             0.7040946553             0.0000000023
          195.1978498730             0.0064944512             0.6936712982             0.0000000034
          196.3378498730             0.0064198785             0.6834403162             0.0000000049
          197.4778498730             0.0063465794             0.6733893066             0.0000000071
          198.6178498730             0.0062745251             0.6635147930             0.0000000103
          199.7578498730             0.0062036877             0.6538426014             0.0000000149
          200.8978498730             0.0061340400             0.6443395163             0.0000000213
          202.0378498730             0.0060655556             0.6350019428             0.0000000304
          203.1778498730             0.0059982087             0.6258335673             0.0000000433
          204.3178498730             0.0059319744             0.6168446050             0.0000000614
          205.4578498730             0.0058668284             0.6080108696             0.0000000867
          206.5978498730             0.0058027470             0.5993293746             0.0000001220
          207.7378498730             0.0057397072             0.5908101465             0.0000001710
          208.8778498730             0.0056776866             0.5824492538             0.0000002387
          210.0178498730             0.0056166634             0.5742311749             0.0000003322
          211.1578498730             0.0055566165             0.5661531735             0.0000004604
          212.2978498730             0.0054975250             0.5582305959             0.0000006358
          213.4378498730             0.0054393690             0.5504475446             0.0000008747
          214.5778498730             0.0053821288             0.5427959390             0.0000011989
          215.7178498730             0.0053257853             0.5352738954             0.0000016372
          216.8578498730             0.0052703199             0.5278993249             0.0000022272
          217.9978498730             0.0052157146             0.5206481356             0.0000030187
          219.1378498730             0.0051619516             0.5135179885             0.0000040762
          220.2778498730             0.0051090139             0.5065124284             0.0000054838
          221.4178498730             0.0050568845             0.4996373716             0.0000073499
          222.5578498730             0.0050055473             0.4928759797             0.0000098145
          223.6978498730             0.0049549861             0.4862261133             0.0000130569
          224.8378498730             0.0049051856             0.4796959143             0.0000173062
          225.9778498730             0.0048561305             0.4732810717             0.0000228534
          227.1178498730             0.0048078062             0.4669710075             0.0000300672
          228.2578498730             0.0047601981             0.4607637648             0.0000394120
          229.3978498730             0.0047132922             0.4546713564             0.0000514704
          230.5378498730             0.0046670748             0.4486807911             0.0000669705
          231.6778498730             0.0046215325             0.4427868771             0.0000868175
          232.8178498730             0.0045766524             0.4369889214             0.0001121326
          233.9578498730             0.0045324215             0.4312988826             0.0001442974
          235.0978498730             0.0044888275             0.4256997327             0.0001850075
          236.2378498730             0.0044458582             0.4201898006             0.0002363342
          237.3778498730             0.0044035018             0.4147723479             0.0003007962
          238.5178498730             0.0043617468             0.4094506124             0.0003814425
          239.6578498730             0.0043205817             0.4042128233             0.0004819468
          240.7978498730             0.0042799955             0.3990574515             0.0006067150
          241.9378498730             0.0042399775             0.3939911221             0.0007610070
          243.0778498730             0.0042005171             0.3890096059             0.0009510720
          244.2178498730             0.0041616041             0.3841056831             0.0011843000
          245.3578498730             0.0041232283             0.3792779540             0.0014693879
          246.4978498730             0.0040853800             0.3745358904             0.0018165214
          247.6378498730             0.0040480495             0.3698688942             0.0022375715
          248.7778498730             0.0040112275             0.3652736757             0.0027463055
          249.9178498730             0.0039749048             0.3607502448             0.0033586098
          251.0578498730             0.0039390723             0.3563065925             0.0040927238
          252.1978498730             0.0039037214             0.3519305893             0.0049694810
          253.3378498730             0.0038688435             0.3476210370             0.0060125541
          254.4778498730             0.0038344301             0.3433808567             0.0072487001
          255.6178498730             0.0038004731             0.3392116289             0.0087079997
          256.7578498730             0.0037669645             0.3351050690             0.0104240845
          257.8978498730             0.0037338964             0.3310600783             0.0124343464
          259.0378498730             0.0037012611             0.3270820672             0.0147801203
          260.1778498730             0.0036690511             0.3231670997             0.0175068325
          261.3178498730             0.0036372591             0.3193102328             0.0206641050
          262.4578498730             0.0036058779             0.3155104590             0.0243058073
          263.5978498730             0.0035749005             0.3117753077             0.0284900459
          264.7378498730             0.0035443199             0.3080961113             0.0332790815
          265.8778498730             0.0035141294             0.3044708255             0.0387391652
          267.0178498730             0.0034843225             0.3008998553             0.0449402854
          268.1578498730             0.0034548926             0.2973885356             0.0519558178
          269.2978498730             0.0034258335             0.2939281459             0.0598620712
          270.4378498730             0.0033971389             0.2905178202             0.0687377268
          271.5778498730             0.0033688028             0.2871601324             0.0786631671
          272.7178498730             0.0033408193             0.2838556475             0.0897196942
          273.8578498730             0.0033131825             0.2805984886             0.1019886417
          274.9978498730             0.0032858867             0.2773878597             0.1155503845
          276.1378498730             0.0032589264             0.2742281999             0.1304832556
          277.2778498730             0.0032322961             0.2711159471             0.1468623826
          278.4178498730             0.0032059905             0.2680477073             0.1647584581
          279.5578498730             0.0031800042             0.2650227484             0.1842364632
          280.6978498730             0.0031543321             0.2620471074             0.2053543651
          281.8378498730             0.0031289693             0.2591136616             0.2281618124
          282.9778498730             0.0031039107             0.2562211812             0.2526988547
          284.1178498730             0.0030791516             0.2533702770             0.2789947138
          285.2578498730             0.0030546871             0.2505644944             0.3070666349
          286.3978498730             0.0030305127             0.2477975039             0.3369188475
          287.5378498730             0.0030066237             0.2450686731             0.3685416632
          288.6778498730             0.0029830157             0.2423802490             0.4019107381
          289.8178498730             0.0029596844             0.2397321834             0.4369865247
          290.9578498730             0.0029366253             0.2371202755             0.4737139334
          292.0978498730             0.0029138344             0.2345439422             0.5120222245
          293.2378498730             0.0028913074             0.2320068458             0.5518251404
          294.3778498730             0.0028690403             0.2295058117             0.5930212893
          295.5178498730             0.0028470291             0.2270385066             0.6354947813
          296.6578498730             0.0028252700             0.2246043926             0.6791161148
          297.7978498730             0.0028037591             0.2222083517             0.7237433033
          298.9378498730             0.0027824926             0.2198444968             0.7692232281
          300.0778498730             0.0027614669             0.2175121300             0.8153931953
          301.2178498730             0.0027406783             0.2152119538             0.8620826730
          302.3578498730             0.0027201233             0.2129463006             0.9091151752
          303.4978498730             0.0026997984             0.2107105335             0.9563102603
          304.6378498730             0.0026797002             0.2085041855             1.0034856050
          305.7778498730             0.0026598253             0.2063292086             1.0504591148
          306.9178498730             0.0026401705             0.2041851947             1.0970510296
          308.0578498730             0.0026207325             0.2020691197             1.1430859852
          309.1978498730             0.0026015082             0.1999805519             1.1883949893
          310.3378498730             0.0025824943             0.1979225301             1.2328172774
          311.4778498730             0.0025636879             0.1958922492             1.2762020128
          312.6178498730             0.0025450860             0.1938881068             1.3184098016
          313.7578498730             0.0025266856             0.1919097286             1.3593139984
          314.8978498730             0.0025084838             0.1899610205             1.3988017818
          316.0378498730             0.0024904778             0.1880371612             1.4367749877
          317.1778498730             0.0024726647             0.1861377744             1.4731506904
          318.3178498730             0.0024550419             0.1842635867             1.5078615316
          319.4578498730             0.0024376066             0.1824161039             1.5408558002
          320.5978498730             0.0024203561             0.1805918993             1.5720972725
          321.7378498730             0.0024032880             0.1787906243             1.6015648273
          322.8778498730             0.0023863996             0.1770139709             1.6292518544
          324.0178498730             0.0023696884             0.1752613304             1.6551654796
          325.1578498730             0.0023531519             0.1735305129             1.6793256302
          326.2978498730             0.0023367878             0.1718211951             1.7017639702
          327.4378498730             0.0023205936             0.1701359131             1.7225227312
          328.5778498730             0.0023045670             0.1684721994             1.7416534706
          329.7178498730             0.0022887057             0.1668289592             1.7592157830
          330.8578498730             0.0022730074             0.1652060485             1.7752759947
          331.9978498730             0.0022574699             0.1636062711             1.7899058641
          333.1378498730             0.0022420910             0.1620259977             1.8031813141
          334.2778498730             0.0022268686             0.1604649450             1.8151812155
          335.4178498730             0.0022118005             0.1589238254             1.8259862390
          336.5578498730             0.0021968848             0.1574035788             1.8356777922
          337.6978498730             0.0021821192             0.1559016527             1.8443370499
          338.8378498730             0.0021675019             0.1544177842             1.8520440891
          339.9778498730             0.0021530308             0.1529534395             1.8588771310
          341.1178498730             0.0021387041             0.1515079092             1.8649118941
          342.2578498730             0.0021245197             0.1500795997             1.8702210563
          343.3978498730             0.0021104759             0.1486682665             1.8748738240
          344.5378498730             0.0020965707             0.1472760389             1.8789356037
          345.6778498730             0.0020828023             0.1459007501             1.8824677687
          346.8178498730             0.0020691691             0.1445416594             1.8855275136
          347.9578498730             0.0020556691             0.1431987714             1.8881677881
          349.0978498730             0.0020423007             0.1418741002             1.8904373005
          350.2378498730             0.0020290622             0.1405648907             1.8923805817
          351.3778498730             0.0020159518             0.1392709275             1.8940381002
          352.5178498730             0.0020029680             0.1379928873             1.8954464181
          353.6578498730             0.0019901092             0.1367313213             1.8966383808
          354.7978498730             0.0019773736             0.1354843129             1.8976433302
          355.9378498730             0.0019647598             0.1342516555             1.8984873360
          357.0778498730             0.0019522663             0.1330345969             1.8991934360
          358.2178498730             0.0019398914             0.1318323227             1.8997818821
          359.3578498730             0.0019276337             0.1306435316             1.9002703845
          360.4978498730             0.0019154917             0.1294677810             1.9006743519
          361.6378498730             0.0019034640             0.1283063189             1.9010071231
          362.7778498730             0.0018915492             0.1271569367             1.9012801872
          363.9178498730             0.0018797457             0.1260189194             1.9015033917
          365.0578498730             0.0018680523             0.1248922013             1.9016851362
          366.1978498730             0.0018564676             0.1237779530             1.9018325503
          367.3378498730             0.0018449903             0.1226743329             1.9019516571
          368.4778498730             0.0018336190             0.1215811919             1.9020475206
          369.6178498730             0.0018223523             0.1204990708             1.9021243787
          370.7578498730             0.0018111892             0.1194282188             1.9021857615
          371.8978498730             0.0018001282             0.1183674015             1.9022345955
          373.0378498730             0.0017891681             0.1173164941             1.9022732960
          374.1778498730             0.0017783078             0.1162764608             1.9023038475
          375.3178498730             0.0017675460             0.1152466722             1.9023278728
          376.4578498730             0.0017568815             0.1142264119             1.9023466929
          377.5978498730             0.0017463131             0.1132155724             1.9023613786
          378.7378498730             0.0017358398             0.1122155018             1.9023727939
          379.8778498730             0.0017254603             0.1112247757             1.9023816329
          381.0178498730             0.0017151736             0.1102431437             1.9023884506
          382.1578498730             0.0017049785             0.1092707685             1.9023936888
          383.2978498730             0.0016948740             0.1083085903             1.9023976981
          384.4378498730             0.0016848590             0.1073552177             1.9024007548
          385.5778498730             0.0016749324             0.1064105703             1.9024030762
          386.7178498730             0.0016650932             0.1054752030             1.9024048325
          387.8578498730             0.0016553405             0.1045492537             1.9024061561
          388.9978498730             0.0016456730             0.1036317854             1.9024071497
          390.1378498730             0.0016360900             0.1027227299             1.9024078927
          391.2778498730             0.0016265904             0.1018230078             1.9024084462
          392.4178498730             0.0016171732             0.1009320106             1.9024088569
          393.5578498730             0.0016078375             0.1000492189             1.9024091605
          394.6978498730             0.0015985824             0.0991745741             1.9024093840
          395.8378498730             0.0015894068             0.0983093410             1.9024095480
          396.9778498730             0.0015803100             0.0974522077             1.9024096678
          398.1178498730             0.0015712911             0.0966030424             1.9024097550
          399.2578498730             0.0015623490             0.0957620725             1.9024098182
          400.3978498730             0.0015534830             0.0949300520             1.9024098639
          401.5378498730             0.0015446923             0.0941058360             1.9024098967
          402.6778498730             0.0015359758             0.0932893770             1.9024099203
          403.8178498730             0.0015273330             0.0924812471             1.9024099371
          404.9578498730             0.0015187628             0.0916814886             1.9024099490
          406.0978498730             0.0015102644             0.0908893365             1.9024099575
          407.2378498730             0.0015018372             0.0901047460             1.9024099634
          408.3778498730             0.0014934803             0.0893286142             1.9024099676
          409.5178498730             0.0014851929             0.0885603044             1.9024099706
          410.6578498730             0.0014769742             0.0877994103             1.9024099726
          411.7978498730             0.0014688235             0.0870458878             1.9024099741
          412.9378498730             0.0014607401             0.0863009396             1.9024099750
          414.0778498730             0.0014527231             0.0855632820             1.9024099757
          415.2178498730             0.0014447720             0.0848328484             1.9024099762
          416.3578498730             0.0014368859             0.0841098949             1.9024099765
          417.4978498730             0.0014290641             0.0833950052             1.9024099767
          418.6378498730             0.0014213060             0.0826871875             1.9024099769
          419.7778498730             0.0014136109             0.0819863945             1.9024099770
          420.9178498730             0.0014059780             0.0812931849             1.9024099770
          422.0578498730             0.0013984068             0.0806074924             1.9024099771
          423.1978498730             0.0013908966             0.0799286643             1.9024099771
          424.3378498730             0.0013834466             0.0792566506             1.9024099771
          425.4778498730             0.0013760563             0.0785922922             1.9024099772
          426.6178498730             0.0013687250             0.0779349098             1.9024099772
          427.7578498730             0.0013614521             0.0772841720             1.9024099772
          428.8978498730             0.0013542370             0.0766400518             1.9024099772
          430.0378498730             0.0013470791             0.0760035734             1.9024099772
          431.1778498730             0.0013399777             0.0753735630             1.9024099772
          432.3178498730             0.0013329323             0.0747499657             1.9024099772
          433.4578498730             0.0013259423             0.0741330359             1.9024099772
          434.5978498730             0.0013190072             0.0735231840             1.9024099772
          435.7378498730             0.0013121262             0.0729195608             1.9024099772
          436.8778498730             0.0013052989             0.0723221091             1.9024099772
          438.0178498730             0.0012985248             0.0717313438             1.9024099772
          439.1578498730             0.0012918032             0.0711471043             1.9024099772
          440.2978498730             0.0012851336             0.0705688464             1.9024099772
          441.4378498730             0.0012785155             0.0699965117             1.9024099772
          442.5778498730             0.0012719484             0.0694308531             1.9024099772
          443.7178498730             0.0012654317             0.0688711847             1.9024099772
          444.8578498730             0.0012589650             0.0683172464             1.9024099772
          445.9978498730             0.0012525477             0.0677690398             1.9024099772
          447.1378498730             0.0012461792             0.0672273517             1.9024099772
          448.2778498730             0.0012398593             0.0666911996             1.9024099772
          449.4178498730             0.0012335872             0.0661605246             1.9024099772
          450.5578498730             0.0012273626             0.0656355685             1.9024099772
          451.6978498730             0.0012211849             0.0651165932             1.9024099772
          452.8378498730             0.0012150538             0.0646029022             1.9024099772
          453.9778498730             0.0012089687             0.0640944374             1.9024099772
          455.1178498730             0.0012029291             0.0635916587             1.9024099772
          456.2578498730             0.0011969347             0.0630943493             1.9024099772
