# Energy loss (meV)	Quasi-elastic (arb. units)	Magnetic excitations (arb. units)	dd excitations (arb. units)
         -222.1612059309             0.0052772437             0.0086045553             0.0000000000
         -221.0212059309             0.0053314636             0.0086934960             0.0000000000
         -219.8812059309             0.0053865216             0.0087830370             0.0000000000
         -218.7412059309             0.0054424349             0.0088731980             0.0000000000
         -217.6012059309             0.0054992213             0.0089640290             0.0000000000
         -216.4612059309             0.0055568991             0.0090556089             0.0000000000
         -215.3212059309             0.0056154870             0.0091478748             0.0000000000
         -214.1812059309             0.0056750041             0.0092408471             0.0000000000
         -213.0412059309             0.0057354702             0.0093346139             0.0000000000
         -211.9012059309             0.0057969055             0.0094291955             0.0000000000
         -210.7612059309             0.0058593308             0.0095245515             0.0000000000
         -209.6212059309             0.0059227675             0.0096207030             0.0000000000
         -208.4812059309             0.0059872373             0.0097177850             0.0000000000
         -207.3412059309             0.0060527629             0.0098157431             0.0000000000
         -206.2012059309             0.0061193673             0.0099145675             0.0000000000
         -205.0612059309             0.0061870743             0.0100142865             0.0000000000
         -203.9212059309             0.0062559083             0.0101150722             0.0000000000
         -202.7812059309             0.0063258944             0.0102167977             0.0000000000
         -201.6412059309             0.0063970584             0.0103194856             0.0000000000
         -200.5012059309             0.0064694267             0.0104232119             0.0000000000
         -199.3612059309             0.0065430267             0.0105280752             0.0000000000
         -198.2212059309             0.0066178864             0.0106339783             0.0000000000
         -197.0812059309             0.0066940346             0.0107409454             0.0000000000
         -195.9412059309             0.0067715009             0.0108491095             0.0000000000
         -194.8012059309             0.0068503159             0.0109584783             0.0000000000
         -193.6612059309             0.0069305109             0.0110689932             0.0000000000
         -192.5212059309             0.0070121184             0.0111806797             0.0000000000
         -191.3812059309             0.0070951715             0.0112937389             0.0000000000
         -190.2412059309             0.0071797044             0.0114080682             0.0000000000
         -189.1012059309             0.0072657525             0.0115236568             0.0000000000
         -187.9612059309             0.0073533521             0.0116405505             0.0000000000
         -186.8212059309             0.0074425405             0.0117589751             0.0000000000
         -185.6812059309             0.0075333563             0.0118787515             0.0000000000
         -184.5412059309             0.0076258393             0.0119999090             0.0000000000
         -183.4012059309             0.0077200302             0.0121225623             0.0000000000
         -182.2612059309             0.0078159714             0.0122468288             0.0000000000
         -181.1212059309             0.0079137063             0.0123725761             0.0000000000
         -179.9812059309             0.0080132797             0.0124998358             0.0000000000
         -178.8412059309             0.0081147379             0.0126288045             0.0000000000
         -177.7012059309             0.0082181286             0.0127594686             0.0000000000
         -176.5612059309             0.0083235009             0.0128917533             0.0000000000
         -175.4212059309             0.0084309058             0.0130256928             0.0000000000
         -174.2812059309             0.0085403956             0.0131615802             0.0000000000
         -173.1412059309             0.0086520244             0.0132992454             0.0000000000
         -172.0012059309             0.0087658481             0.0134386834             0.0000000000
         -170.8612059309             0.0088819244             0.0135799699             0.0000000000
         -169.7212059309             0.0090003130             0.0137233956             0.0000000000
         -168.5812059309             0.0091210753             0.0138687205             0.0000000000
         -167.4412059309             0.0092442751             0.0140159846             0.0000000000
         -166.3012059309             0.0093699781             0.0141653626             0.0000000000
         -165.1612059309             0.0094982523             0.0143169908             0.0000000000
         -164.0212059309             0.0096291680             0.0144706970             0.0000000000
         -162.8812059309             0.0097627980             0.0146265254             0.0000000000
         -161.7412059309             0.0098992175             0.0147847675             0.0000000000
         -160.6012059309             0.0100385043             0.0149453743             0.0000000000
         -159.4612059309             0.0101807391             0.0151082561             0.0000000000
         -158.3212059309             0.0103260051             0.0152734619             0.0000000000
         -157.1812059309             0.0104743889             0.0154414212             0.0000000000
         -156.0412059309             0.0106259799             0.0156118631             0.0000000000
         -154.9012059309             0.0107808707             0.0157847983             0.0000000000
         -153.7612059309             0.0109391573             0.0159603528             0.0000000000
         -152.6212059309             0.0111009393             0.0161389026             0.0000000000
         -151.4812059309             0.0112663198             0.0163201291             0.0000000000
         -150.3412059309             0.0114354059             0.0165040912             0.0000000000
         -149.2012059309             0.0116083085             0.0166910575             0.0000000000
         -148.0612059309             0.0117851428             0.0168811848             0.0000000000
         -146.9212059309             0.0119660283             0.0170742521             0.0000000000
         -145.7812059309             0.0121510891             0.0172703250             0.0000000000
         -144.6412059309             0.0123404538             0.0174698422             0.0000000000
         -143.5012059309             0.0125342565             0.0176726952             0.0000000000
         -142.3612059309             0.0127326359             0.0178787825             0.0000000000
         -141.2212059309             0.0129357367             0.0180881775             0.0000000000
         -140.0812059309             0.0131437089             0.0183015211             0.0000000000
         -138.9412059309             0.0133567087             0.0185183854             0.0000000000
         -137.8012059309             0.0135748985             0.0187388142             0.0000000000
         -136.6612059309             0.0137984474             0.0189630188             0.0000000000
         -135.5212059309             0.0140275311             0.0191914937             0.0000000000
         -134.3812059309             0.0142623329             0.0194238142             0.0000000000
         -133.2412059309             0.0145030433             0.0196600708             0.0000000000
         -132.1012059309             0.0147498611             0.0199006862             0.0000000000
         -130.9612059309             0.0150029933             0.0201458387             0.0000000000
         -129.8212059309             0.0152626557             0.0203952450             0.0000000000
         -128.6812059309             0.0155290734             0.0206490077             0.0000000000
         -127.5412059309             0.0158024810             0.0209078042             0.0000000000
         -126.4012059309             0.0160831237             0.0211714249             0.0000000000
         -125.2612059309             0.0163712570             0.0214397624             0.0000000000
         -124.1212059309             0.0166671481             0.0217129332             0.0000000000
         -122.9812059309             0.0169710759             0.0219919218             0.0000000000
         -121.8412059309             0.0172833319             0.0222760447             0.0000000000
         -120.7012059309             0.0176042208             0.0225654113             0.0000000000
         -119.5612059309             0.0179340613             0.0228603830             0.0000000000
         -118.4212059309             0.0182731869             0.0231616290             0.0000000000
         -117.2812059309             0.0186219465             0.0234685733             0.0000000000
         -116.1412059309             0.0189807054             0.0237813634             0.0000000000
         -115.0012059309             0.0193498464             0.0241006858             0.0000000000
         -113.8612059309             0.0197297704             0.0244267399             0.0000000000
         -112.7212059309             0.0201208979             0.0247591613             0.0000000000
         -111.5812059309             0.0205236697             0.0250981198             0.0000000000
         -110.4412059309             0.0209385484             0.0254447006             0.0000000000
         -109.3012059309             0.0213660196             0.0257985156             0.0000000000
         -108.1612059309             0.0218065932             0.0261594687             0.0000000000
         -107.0212059309             0.0222608048             0.0265277783             0.0000000000
         -105.8812059309             0.0227292175             0.0269049521             0.0000000000
         -104.7412059309             0.0232124236             0.0272899363             0.0000000000
         -103.6012059309             0.0237110460             0.0276829507             0.0000000000
         -102.4612059309             0.0242257404             0.0280846334             0.0000000000
         -101.3212059309             0.0247571976             0.0284959283             0.0000000000
         -100.1812059309             0.0253061453             0.0289160348             0.0000000000
          -99.0412059309             0.0258733507             0.0293452088             0.0000000000
          -97.9012059309             0.0264596231             0.0297846156             0.0000000000
          -96.7612059309             0.0270658168             0.0302344718             0.0000000000
          -95.6212059309             0.0276928339             0.0306943087             0.0000000000
          -94.4812059309             0.0283416277             0.0311644259             0.0000000000
          -93.3412059309             0.0290132064             0.0316466504             0.0000000000
          -92.2012059309             0.0297086369             0.0321402655             0.0000000000
          -91.0612059309             0.0304290493             0.0326452338             0.0000000000
          -89.9212059309             0.0311756417             0.0331620279             0.0000000000
          -88.7812059309             0.0319496855             0.0336929483             0.0000000000
          -87.6412059309             0.0327525319             0.0342364410             0.0000000000
          -86.5012059309             0.0335856186             0.0347929085             0.0000000000
          -85.3612059309             0.0344504785             0.0353635340             0.0000000000
          -84.2212059309             0.0353487490             0.0359497295             0.0000000000
          -83.0812059309             0.0362821838             0.0365503479             0.0000000000
          -81.9412059309             0.0372526671             0.0371658686             0.0000000000
          -80.8012059309             0.0382622308             0.0377983933             0.0000000000
          -79.6612059309             0.0393130761             0.0384481457             0.0000000000
          -78.5212059309             0.0404076007             0.0391145329             0.0000000000
          -77.3812059309             0.0415484323             0.0397981305             0.0000000000
          -76.2412059309             0.0427384731             0.0405022278             0.0000000000
          -75.1012059309             0.0439809542             0.0412254693             0.0000000000
          -73.9612059309             0.0452795070             0.0419680106             0.0000000000
          -72.8212059309             0.0466382536             0.0427308977             0.0000000000
          -71.6812059309             0.0480619223             0.0435179163             0.0000000000
          -70.5412059309             0.0495559947             0.0443266638             0.0000000000
          -69.4012059309             0.0511268920             0.0451579558             0.0000000000
          -68.2612059309             0.0527822102             0.0460141604             0.0000000000
          -67.1212059309             0.0545310156             0.0468975919             0.0000000000
          -65.9812059309             0.0563842125             0.0478065657             0.0000000000
          -64.8412059309             0.0583549994             0.0487420994             0.0000000000
          -63.7012059309             0.0604594295             0.0497083610             0.0000000000
          -62.5612059309             0.0627170941             0.0507056139             0.0000000000
          -61.4212059309             0.0651519493             0.0517332296             0.0000000000
          -60.2812059309             0.0677933061             0.0527925249             0.0000000000
          -59.1412059309             0.0706770064             0.0538901906             0.0000000000
          -58.0012059309             0.0738468033             0.0550236586             0.0000000000
          -56.8612059309             0.0773559664             0.0561938881             0.0000000000
          -55.7212059309             0.0812691245             0.0574036690             0.0000000000
          -54.5812059309             0.0856643564             0.0586605511             0.0000000000
          -53.4412059309             0.0906355297             0.0599609186             0.0000000000
          -52.3012059309             0.0962948787             0.0613072902             0.0000000000
          -51.1612059309             0.1027757974             0.0627060737             0.0000000000
          -50.0212059309             0.1102358097             0.0641630622             0.0000000000
          -48.8812059309             0.1188596564             0.0656767742             0.0000000000
          -47.7412059309             0.1288624197             0.0672514567             0.0000000000
          -46.6012059309             0.1404925796             0.0689001499             0.0000000000
          -45.4612059309             0.1540348720             0.0706261330             0.0000000000
          -44.3212059309             0.1698127923             0.0724321963             0.0000000000
          -43.1812059309             0.1881905617             0.0743262174             0.0000000000
          -42.0412059309             0.2095743541             0.0763345281             0.0000000000
          -40.9012059309             0.2344125572             0.0784556403             0.0000000000
          -39.7612059309             0.2631948374             0.0807011866             0.0000000000
          -38.6212059309             0.2964497679             0.0830912483             0.0000000000
          -37.4812059309             0.3347407911             0.0856651686             0.0000000000
          -36.3412059309             0.3786603050             0.0884239463             0.0000000000
          -35.2012059309             0.4288216990             0.0913926742             0.0000000000
          -34.0612059309             0.4858492128             0.0946211477             0.0000000000
          -32.9212059309             0.5503655578             0.0981570898             0.0000000000
          -31.7812059309             0.6229773213             0.1020165383             0.0000000000
          -30.6412059309             0.7042582649             0.1062454255             0.0000000000
          -29.5012059309             0.7947307308             0.1109544974             0.0000000000
          -28.3612059309             0.8948454779             0.1161868454             0.0000000000
          -27.2212059309             1.0049603753             0.1219892450             0.0000000000
          -26.0812059309             1.1253184815             0.1284398355             0.0000000000
          -24.9412059309             1.2560261200             0.1357642386             0.0000000000
          -23.8012059309             1.3970316272             0.1439581295             0.0000000000
          -22.6612059309             1.5481054765             0.1531263611             0.0000000000
          -21.5212059309             1.7088224826             0.1634368318             0.0000000000
          -20.3812059309             1.8785467418             0.1751715225             0.0000000000
          -19.2412059309             2.0564198835             0.1883237015             0.0000000000
          -18.1012059309             2.2413530932             0.2030521726             0.0000000000
          -16.9612059309             2.4320232316             0.2196870575             0.0000000000
          -15.8212059309             2.6268732529             0.2384674740             0.0000000000
          -14.6812059309             2.8241170449             0.2594236960             0.0000000000
          -13.5412059309             3.0217488290             0.2827580579             0.0000000000
          -12.4012059309             3.2175574183             0.3090402738             0.0000000000
          -11.2612059309             3.4091459851             0.3383133100             0.0000000000
          -10.1212059309             3.5939585356             0.3706771200             0.0000000000
           -8.9812059309             3.7693149770             0.4063548686             0.0000000000
           -7.8412059309             3.9324572972             0.4462198336             0.0000000000
           -6.7012059309             4.0806096518             0.4899078176             0.0000000000
           -5.5612059309             4.2110546249             0.5376257973             0.0000000000
           -4.4212059309             4.3212261719             0.5897708468             0.0000000000
           -3.2812059309             4.4088165761             0.6469418937             0.0000000000
           -2.1412059309             4.4718904802             0.7087462590             0.0000000000
           -1.0012059309             4.5089947217             0.7753262679             0.0000000000
            0.1387940691             4.5192498636             0.8472465451             0.0000000000
            1.2787940691             4.5024095209             0.9245851506             0.0000000000
            2.4187940691             4.4588775264             1.0069716046             0.0000000000
            3.5587940691             4.3896799213             1.0944164907             0.0000000000
            4.6987940691             4.2963966582             1.1875619649             0.0000000000
            5.8387940691             4.1810642633             1.2858390994             0.0000000000
            6.9787940691             4.0460637470             1.3889264693             0.0000000000
            8.1187940691             3.8940074105             1.4966847318             0.0000000000
            9.2587940691             3.7276348365             1.6095839641             0.0000000000
           10.3987940691             3.5497239070             1.7265887386             0.0000000000
           11.5387940691             3.3630186186             1.8473986219             0.0000000000
           12.6787940691             3.1701726284             1.9718346432             0.0000000000
           13.8187940691             2.9737060371             2.0996723393             0.0000000000
           14.9587940691             2.7759726255             2.2300893773             0.0000000000
           16.0987940691             2.5791351589             2.3626565098             0.0000000000
           17.2387940691             2.3851470475             2.4970423101             0.0000000000
           18.3787940691             2.1957393149             2.6326525084             0.0000000000
           19.5187940691             2.0124123261             2.7688870361             0.0000000000
           20.6587940691             1.8364320347             2.9052664233             0.0000000000
           21.7987940691             1.6688306247             3.0411942705             0.0000000000
           22.9387940691             1.5104114107             3.1761585953             0.0000000000
           24.0787940691             1.3617577701             3.3097084771             0.0000000000
           25.2187940691             1.2232457435             3.4413612668             0.0000000000
           26.3587940691             1.0950598183             3.5702619279             0.0000000000
           27.4987940691             0.9772112933             3.6963206232             0.0000000000
           28.6387940691             0.8695585556             3.8191467028             0.0000000000
           29.7787940691             0.7718285603             3.9381416801             0.0000000000
           30.9187940691             0.6836388146             4.0526695560             0.0000000000
           32.0587940691             0.6045192023             4.1628523488             0.0000000000
           33.1987940691             0.5339330570             4.2684109956             0.0000000000
           34.3387940691             0.4712969793             4.3685661428             0.0000000000
           35.4787940691             0.4159989949             4.4632153475             0.0000000000
           36.6187940691             0.3674147595             4.5525240922             0.0000000000
           37.7587940691             0.3249216211             4.6363368081             0.0000000000
           38.8987940691             0.2879104523             4.7136742718             0.0000000000
           40.0387940691             0.2557952530             4.7851195583             0.0000000000
           41.1787940691             0.2280206016             4.8507519020             0.0000000000
           42.3187940691             0.2040670941             4.9104152281             0.0000000000
           43.4587940691             0.1834549557             4.9633023109             0.0000000000
           44.5987940691             0.1657460412             5.0103329568             0.0000000000
           45.7387940691             0.1505444571             5.0515417669             0.0000000000
           46.8787940691             0.1374960435             5.0866131438             0.0000000000
           48.0187940691             0.1262869478             5.1153854873             0.0000000000
           49.1587940691             0.1166415093             5.1385820728             0.0000000000
           50.2987940691             0.1083196537             5.1563123905             0.0000000000
           51.4387940691             0.1011139729             5.1681260526             0.0000000000
           52.5787940691             0.0948466413             5.1744342325             0.0000000000
           53.7187940691             0.0893662916             5.1757268529             0.0000000000
           54.8587940691             0.0845449497             5.1721627396             0.0000000000
           55.9987940691             0.0802751033             5.1632066928             0.0000000000
           57.1387940691             0.0764669578             5.1497001214             0.0000000000
           58.2787940691             0.0730459155             5.1319112290             0.0000000000
           59.4187940691             0.0699502966             5.1099219896             0.0000000000
           60.5587940691             0.0671293092             5.0834832157             0.0000000000
           61.6987940691             0.0645412655             5.0533836118             0.0000000000
           62.8387940691             0.0621520329             5.0198156292             0.0000000000
           63.9787940691             0.0599337051             4.9827516637             0.0000000000
           65.1187940691             0.0578634735             4.9423304880             0.0000000000
           66.2587940691             0.0559226787             4.8990732477             0.0000000000
           67.3987940691             0.0540960205             4.8531684026             0.0000000000
           68.5387940691             0.0523709063             4.8045359206             0.0000000000
           69.6787940691             0.0507369178             4.7535392842             0.0000000000
           70.8187940691             0.0491853776             4.7004945891             0.0000000000
           71.9587940691             0.0477090004             4.6455753249             0.0000000000
           73.0987940691             0.0463016134             4.5887004061             0.0000000000
           74.2387940691             0.0449579340             4.5303114726             0.0000000000
           75.3787940691             0.0436733938             4.4705853796             0.0000000000
           76.5187940691             0.0424439997             4.4096395556             0.0000000000
           77.6587940691             0.0412662252             4.3475351455             0.0000000000
           78.7987940691             0.0401369252             4.2845714926             0.0000000000
           79.9387940691             0.0390532691             4.2208809023             0.0000000000
           81.0787940691             0.0380126886             4.1565527634             0.0000000000
           82.2187940691             0.0370128368             4.0917243190             0.0000000000
           83.3587940691             0.0360515559             4.0265624926             0.0000000000
           84.4987940691             0.0351268519             3.9611737429             0.0000000000
           85.6387940691             0.0342368737             3.8956553355             0.0000000000
           86.7787940691             0.0333798971             3.8301268408             0.0000000000
           87.9187940691             0.0325543113             3.7646808003             0.0000000000
           89.0587940691             0.0317586072             3.6993989018             0.0000000000
           90.1987940691             0.0309913691             3.6344103110             0.0000000000
           91.3387940691             0.0302512657             3.5697542512             0.0000000000
           92.4787940691             0.0295370440             3.5054937132             0.0000000000
           93.6187940691             0.0288475230             3.4417089417             0.0000000000
           94.7587940691             0.0281815884             3.3785120778             0.0000000000
           95.8987940691             0.0275381879             3.3158888559             0.0000000000
           97.0387940691             0.0269163270             3.2538837335             0.0000000000
           98.1787940691             0.0263150653             3.1925969026             0.0000000000
           99.3187940691             0.0257335126             3.1320742482             0.0000000000
          100.4587940691             0.0251708258             3.0722882361             0.0000000000
          101.5987940691             0.0246262061             3.0132670401             0.0000000000
          102.7387940691             0.0240988962             2.9551419647             0.0000000000
          103.8787940691             0.0235881775             2.8978686497             0.0000000000
          105.0187940691             0.0230933681             2.8414306593             0.0000000000
          106.1587940691             0.0226138204             2.7858450136             0.0000000000
          107.2987940691             0.0221489190             2.7312734050             0.0000000000
          108.4387940691             0.0216980790             2.6775782374             0.0000000000
          109.5787940691             0.0212607442             2.6247670448             0.0000000000
          110.7187940691             0.0208363853             2.5728876104             0.0000000000
          111.8587940691             0.0204244984             2.5220152521             0.0000000000
          112.9987940691             0.0200246037             2.4720382725             0.0000000000
          114.1387940691             0.0196362441             2.4229565496             0.0000000000
          115.2787940691             0.0192589836             2.3748509606             0.0000000000
          116.4187940691             0.0188924069             2.3277081008             0.0000000000
          117.5587940691             0.0185361173             2.2814505501             0.0000000000
          118.6987940691             0.0181897366             2.2360728142             0.0000000000
          119.8387940691             0.0178529035             2.1916877510             0.0000000000
          120.9787940691             0.0175252728             2.1481981048             0.0000000000
          122.1187940691             0.0172065148             2.1055637364             0.0000000000
          123.2587940691             0.0168963143             2.0637829916             0.0000000000
          124.3987940691             0.0165943698             2.0229753107             0.0000000000
          125.5387940691             0.0163003929             1.9829908281             0.0000000000
          126.6787940691             0.0160141077             1.9438187093             0.0000000000
          127.8187940691             0.0157352499             1.9054904061             0.0000000000
          128.9587940691             0.0154635664             1.8680440237             0.0000000000
          130.0987940691             0.0151988149             1.8313717475             0.0000000000
          131.2387940691             0.0149407630             1.7954613908             0.0000000000
          132.3787940691             0.0146891878             1.7603737692             0.0000000000
          133.5187940691             0.0144438759             1.7260752930             0.0000000000
          134.6587940691             0.0142046222             1.6924974210             0.0000000000
          135.7987940691             0.0139712301             1.6596274115             0.0000000000
          136.9387940691             0.0137435106             1.6275511519             0.0000000000
          138.0787940691             0.0135212826             1.5961738333             0.0000000000
          139.2187940691             0.0133043719             1.5654622191             0.0000000000
          140.3587940691             0.0130926110             1.5354136259             0.0000000000
          141.4987940691             0.0128858391             1.5061044623             0.0000000000
          142.6387940691             0.0126839016             1.4774192542             0.0000000000
          143.7787940691             0.0124866497             1.4493455223             0.0000000000
          144.9187940691             0.0122939403             1.4219066390             0.0000000000
          146.0587940691             0.0121056357             1.3951184801             0.0000000000
          147.1987940691             0.0119216033             1.3689015146             0.0000000000
          148.3387940691             0.0117417155             1.3432438262             0.0000000000
          149.4787940691             0.0115658494             1.3181905484             0.0000000000
          150.6187940691             0.0113938865             1.2937067987             0.0000000000
          151.7587940691             0.0112257128             1.2697441874             0.0000000000
          152.8987940691             0.0110612182             1.2462915159             0.0000000000
          154.0387940691             0.0109002967             1.2234117118             0.0000000000
          155.1787940691             0.0107428460             1.2010280701             0.0000000000
          156.3187940691             0.0105887674             1.1791187519             0.0000000000
          157.4587940691             0.0104379658             1.1576835976             0.0000000000
          158.5987940691             0.0102903493             1.1367690426             0.0000000000
          159.7387940691             0.0101458292             1.1162952494             0.0000000000
          160.8787940691             0.0100043198             1.0962524516             0.0000000000
          162.0187940691             0.0098657385             1.0766589964             0.0000000000
          163.1587940691             0.0097300053             1.0575193795             0.0000000000
          164.2987940691             0.0095970430             1.0387799152             0.0000000000
          165.4387940691             0.0094667771             1.0204316564             0.0000000000
          166.5787940691             0.0093391354             1.0025081075             0.0000000000
          167.7187940691             0.0092140481             0.9849791517             0.0000000000
          168.8587940691             0.0090914478             0.9678132266             0.0000000001
          169.9987940691             0.0089712693             0.9510021778             0.0000000001
          171.1387940691             0.0088534494             0.9345917445             0.0000000001
          172.2787940691             0.0087379270             0.9185235767             0.0000000002
          173.4187940691             0.0086246430             0.9027846619             0.0000000003
          174.5587940691             0.0085135401             0.8873768608             0.0000000004
          175.6987940691             0.0084045629             0.8723278343             0.0000000005
          176.8387940691             0.0082976577             0.8575842889             0.0000000007
          177.9787940691             0.0081927725             0.8431393661             0.0000000010
          179.1187940691             0.0080898568             0.8290076680             0.0000000014
          180.2587940691             0.0079888619             0.8151882943             0.0000000019
          181.3987940691             0.0078897404             0.8016460350             0.0000000026
          182.5387940691             0.0077924464             0.7883746898             0.0000000035
          183.6787940691             0.0076969353             0.7753992619             0.0000000048
          184.8187940691             0.0076031641             0.7626953262             0.0000000065
          185.9587940691             0.0075110908             0.7502428796             0.0000000089
          187.0987940691             0.0074206749             0.7380363250             0.0000000121
          188.2387940691             0.0073318768             0.7261090621             0.0000000163
          189.3787940691             0.0072446585             0.7144174582             0.0000000221
          190.5187940691             0.0071589826             0.7029542235             0.0000000297
          191.6587940691             0.0070748132             0.6917222435             0.0000000399
          192.7987940691             0.0069921152             0.6807378079             0.0000000534
          193.9387940691             0.0069108547             0.6699655574             0.0000000713
          195.0787940691             0.0068309987             0.6594008333             0.0000000950
          196.2187940691             0.0067525149             0.6490552769             0.0000001262
          197.3587940691             0.0066753724             0.6389256456             0.0000001672
          198.4987940691             0.0065995406             0.6289889562             0.0000002209
          199.6387940691             0.0065249903             0.6192410101             0.0000002913
          200.7787940691             0.0064516928             0.6097006229             0.0000003830
          201.9187940691             0.0063796201             0.6003483987             0.0000005022
          203.0587940691             0.0063087454             0.5911717763             0.0000006569
          204.1987940691             0.0062390422             0.5821669719             0.0000008571
          205.3387940691             0.0061704849             0.5733586259             0.0000011153
          206.4787940691             0.0061030486             0.5647140768             0.0000014475
          207.6187940691             0.0060367090             0.5562295026             0.0000018739
          208.7587940691             0.0059714426             0.5479081126             0.0000024197
          209.8987940691             0.0059072264             0.5397593634             0.0000031163
          211.0387940691             0.0058440381             0.5317596509             0.0000040031
          212.1787940691             0.0057818558             0.5239058255             0.0000051291
          213.3187940691             0.0057206583             0.5162071762             0.0000065549
          214.4587940691             0.0056604252             0.5086596288             0.0000083555
          215.5987940691             0.0056011361             0.5012481038             0.0000106233
          216.7387940691             0.0055427716             0.4939697593             0.0000134720
          217.8787940691             0.0054853125             0.4868388997             0.0000170408
          219.0187940691             0.0054287404             0.4798401863             0.0000214997
          220.1587940691             0.0053730370             0.4729657512             0.0000270558
          221.2987940691             0.0053181846             0.4662136138             0.0000339607
          222.4387940691             0.0052641662             0.4596004286             0.0000425188
          223.5787940691             0.0052109649             0.4531032889             0.0000530977
          224.7187940691             0.0051585643             0.4467198224             0.0000661393
          225.8587940691             0.0051069485             0.4404531747             0.0000821742
          226.9987940691             0.0050561019             0.4343086924             0.0001018365
          228.1387940691             0.0050060094             0.4282704438             0.0001258825
          229.2787940691             0.0049566561             0.4223362834             0.0001552109
          230.4187940691             0.0049080276             0.4165136437             0.0001908864
          231.5587940691             0.0048601098             0.4107983448             0.0002341667
          232.6987940691             0.0048128890             0.4051804057             0.0002865323
          233.8387940691             0.0047663517             0.3996578849             0.0003497212
          234.9787940691             0.0047204848             0.3942417789             0.0004257665
          236.1187940691             0.0046752755             0.3889199167             0.0005170393
          237.2587940691             0.0046307114             0.3836873815             0.0006262957
          238.3987940691             0.0045867802             0.3785434261             0.0007567297
          239.5387940691             0.0045434701             0.3734989567             0.0009120296
          240.6787940691             0.0045007694             0.3685381665             0.0010964417
          241.8187940691             0.0044586667             0.3636594247             0.0013148377
          242.9587940691             0.0044171510             0.3588656319             0.0015727888
          244.0987940691             0.0043762114             0.3541596553             0.0018766445
          245.2387940691             0.0043358373             0.3495306052             0.0022336169
          246.3787940691             0.0042960184             0.3449770019             0.0026518701
          247.5187940691             0.0042567446             0.3405048190             0.0031406137
          248.6587940691             0.0042180059             0.3361101020             0.0037102012
          249.7987940691             0.0041797928             0.3317861819             0.0043722300
          250.9387940691             0.0041420957             0.3275317145             0.0051396459
          252.0787940691             0.0041049054             0.3233552501             0.0060268467
          253.2187940691             0.0040682129             0.3192470665             0.0070497873
          254.3587940691             0.0040320095             0.3152041100             0.0082260822
          255.4987940691             0.0039962863             0.3112263301             0.0095751051
          256.6387940691             0.0039610350             0.3073209091             0.0111180830
          257.7787940691             0.0039262474             0.3034767855             0.0128781835
          258.9187940691             0.0038919153             0.2996928224             0.0148805912
          260.0587940691             0.0038580309             0.2959716085             0.0171525730
          261.1987940691             0.0038245863             0.2923145144             0.0197235282
          262.3387940691             0.0037915741             0.2887140028             0.0226250210
          263.4787940691             0.0037589868             0.2851690379             0.0258907925
          264.6187940691             0.0037268172             0.2816844489             0.0295567497
          265.7587940691             0.0036950582             0.2782566388             0.0336609288
          266.8987940691             0.0036637028             0.2748811142             0.0382434296
          268.0387940691             0.0036327442             0.2715569303             0.0433463181
          269.1787940691             0.0036021758             0.2682908100             0.0490134972
          270.3187940691             0.0035719911             0.2650749246             0.0552905403
          271.4587940691             0.0035421836             0.2619074041             0.0622244884
          272.5987940691             0.0035127471             0.2587885773             0.0698636094
          273.7387940691             0.0034836756             0.2557231856             0.0782571170
          274.8787940691             0.0034549629             0.2527033828             0.0874548524
          276.0187940691             0.0034266032             0.2497283643             0.0975069256
          277.1587940691             0.0033985909             0.2468003999             0.1084633208
          278.2987940691             0.0033709201             0.2439199608             0.1203734658
          279.4387940691             0.0033435855             0.2410817681             0.1332857691
          280.5787940691             0.0033165815             0.2382850858             0.1472471283
          281.7187940691             0.0032899029             0.2355338437             0.1623024140
          282.8587940691             0.0032635445             0.2328248376             0.1784939335
          283.9987940691             0.0032375012             0.2301550195             0.1958608827
          285.1387940691             0.0032117680             0.2275237152             0.2144387889
          286.2787940691             0.0031863400             0.2249362686             0.2342589562
          287.4187940691             0.0031612123             0.2223863214             0.2553479169
          288.5587940691             0.0031363804             0.2198727606             0.2777269001
          289.6987940691             0.0031118395             0.2173961080             0.3014113247
          290.8387940691             0.0030875852             0.2149594867             0.3264103248
          291.9787940691             0.0030636130             0.2125572609             0.3527263171
          293.1187940691             0.0030399185             0.2101888525             0.3803546180
          294.2587940691             0.0030164975             0.2078562331             0.4092831180
          295.3987940691             0.0029933458             0.2055593399             0.4394920218
          296.5387940691             0.0029704594             0.2032944369             0.4709536599
          297.6787940691             0.0029478340             0.2010609931             0.5036323777
          298.8187940691             0.0029254659             0.1988622285             0.5374845076
          299.9587940691             0.0029033511             0.1966953205             0.5724584267
          301.0987940691             0.0028814858             0.1945581931             0.6084947038
          302.2387940691             0.0028598664             0.1924503581             0.6455263354
          303.3787940691             0.0028384890             0.1903761067             0.6834790713
          304.5187940691             0.0028173501             0.1883302315             0.7222718280
          305.6587940691             0.0027964463             0.1863121052             0.7618171860
          306.7987940691             0.0027757740             0.1843223339             0.8020219662
          307.9387940691             0.0027553298             0.1823629576             0.8427878803
          309.0787940691             0.0027351103             0.1804298815             0.8840122469
          310.2187940691             0.0027151124             0.1785226840             0.9255887646
          311.3587940691             0.0026953328             0.1766430698             0.9674083327
          312.4987940691             0.0026757683             0.1747906680             1.0093599095
          313.6387940691             0.0026564158             0.1729628103             1.0513313957
          314.7787940691             0.0026372722             0.1711591080             1.0932105322
          315.9187940691             0.0026183347             0.1693822179             1.1348858003
          317.0587940691             0.0025996001             0.1676296677             1.1762473116
          318.1987940691             0.0025810658             0.1659000423             1.2171876765
          319.3387940691             0.0025627287             0.1641930051             1.2576028393
          320.4787940691             0.0025445861             0.1625119697             1.2973928695
          321.6187940691             0.0025266353             0.1608527019             1.3364626990
          322.7587940691             0.0025088736             0.1592148647             1.3747227971
          323.8987940691             0.0024912984             0.1575990862             1.4120897731
          325.0387940691             0.0024739070             0.1560066754             1.4484869031
          326.1787940691             0.0024566968             0.1544346262             1.4838445733
          327.3187940691             0.0024396655             0.1528826271             1.5181006368
          328.4587940691             0.0024228105             0.1513521497             1.5512006815
          329.5987940691             0.0024061294             0.1498426544             1.5830982090
          330.7387940691             0.0023896198             0.1483522209             1.6137547232
          331.8787940691             0.0023732794             0.1468805611             1.6431397327
          333.0187940691             0.0023571058             0.1454298821             1.6712306690
          334.1587940691             0.0023410969             0.1439980235             1.6980127245
          335.2987940691             0.0023252503             0.1425840242             1.7234786175
          336.4387940691             0.0023095640             0.1411877535             1.7476282889
          337.5787940691             0.0022940356             0.1398116493             1.7704685390
          338.7187940691             0.0022786633             0.1384525424             1.7920126113
          339.8587940691             0.0022634448             0.1371101809             1.8122797319
          340.9987940691             0.0022483781             0.1357851803             1.8312946133
          342.1387940691             0.0022334611             0.1344783534             1.8490869301
          343.2787940691             0.0022186921             0.1331874731             1.8656907760
          344.4187940691             0.0022040689             0.1319123059             1.8811441105
          345.5587940691             0.0021895896             0.1306541230             1.8954882011
          346.6987940691             0.0021752525             0.1294123022             1.9087670722
          347.8387940691             0.0021610556             0.1281854535             1.9210269630
          348.9787940691             0.0021469971             0.1269733603             1.9323158040
          350.1187940691             0.0021330752             0.1257778687             1.9426827164
          351.2587940691             0.0021192881             0.1245970918             1.9521775381
          352.3987940691             0.0021056342             0.1234303824             1.9608503816
          353.5387940691             0.0020921117             0.1222777408             1.9687512262
          354.6787940691             0.0020787190             0.1211409117             1.9759295466
          355.8187940691             0.0020654543             0.1200174998             1.9824339801
          356.9587940691             0.0020523161             0.1189073149             1.9883120321
          358.0987940691             0.0020393027             0.1178109407             1.9936098214
          359.2387940691             0.0020264126             0.1167288509             1.9983718638
          360.3787940691             0.0020136442             0.1156593787             2.0026408932
          361.5187940691             0.0020009961             0.1146023366             2.0064577191
          362.6587940691             0.0019884666             0.1135587808             2.0098611180
          363.7987940691             0.0019760544             0.1125279426             2.0128877574
          364.9387940691             0.0019637579             0.1115085665             2.0155721486
          366.0787940691             0.0019515758             0.1105000347             2.0179466273
          367.2187940691             0.0019395065             0.1095029262             2.0200413572
          368.3587940691             0.0019275488             0.1085150504             2.0218843562
          369.4987940691             0.0019157013             0.1075355881             2.0235015404
          370.6387940691             0.0019039625             0.1065643393             2.0249167840
          371.7787940691             0.0018923313             0.1056020799             2.0261519923
          372.9187940691             0.0018808062             0.1046474673             2.0272271856
          374.0587940691             0.0018693860             0.1037004005             2.0281605907
          375.1987940691             0.0018580694             0.1027612872             2.0289687391
          376.3387940691             0.0018468552             0.1018303352             2.0296665687
          377.4787940691             0.0018357422             0.1009066814             2.0302675279
          378.6187940691             0.0018247291             0.0999902680             2.0307836801
          379.7587940691             0.0018138147             0.0990818457             2.0312258082
          380.8987940691             0.0018029978             0.0981810026             2.0316035157
          382.0387940691             0.0017922774             0.0972872580             2.0319253263
          383.1787940691             0.0017816522             0.0964005821             2.0321987792
          384.3187940691             0.0017711212             0.0955220576             2.0324305197
          385.4587940691             0.0017606832             0.0946506727             2.0326263856
          386.5987940691             0.0017503371             0.0937862976             2.0327914878
          387.7387940691             0.0017400819             0.0929291244             2.0329302861
          388.8787940691             0.0017299165             0.0920799691             2.0330466593
          390.0187940691             0.0017198399             0.0912378133             2.0331439696
          391.1587940691             0.0017098509             0.0904026613             2.0332251222
          392.2987940691             0.0016999487             0.0895750386             2.0332926190
          393.4387940691             0.0016901322             0.0887551434             2.0333486077
          394.5787940691             0.0016804004             0.0879422835             2.0333949264
          395.7187940691             0.0016707524             0.0871364720             2.0334331427
          396.8587940691             0.0016611872             0.0863385661             2.0334645897
          397.9987940691             0.0016517038             0.0855481311             2.0334903971
          399.1387940691             0.0016423014             0.0847647923             2.0335115199
          400.2787940691             0.0016329789             0.0839885642             2.0335287621
          401.4187940691             0.0016237356             0.0832206335             2.0335427990
          402.5587940691             0.0016145704             0.0824599132             2.0335541959
          403.6987940691             0.0016054826             0.0817063440             2.0335634246
          404.8387940691             0.0015964713             0.0809601891             2.0335708776
          405.9787940691             0.0015875355             0.0802221969             2.0335768805
          407.1187940691             0.0015786746             0.0794913776             2.0335817025
          408.2587940691             0.0015698875             0.0787677326             2.0335855656
          409.3987940691             0.0015611736             0.0780518397             2.0335886521
          410.5387940691             0.0015525320             0.0773437852             2.0335911116
          411.6787940691             0.0015439619             0.0766428904             2.0335930662
          412.8187940691             0.0015354625             0.0759491447             2.0335946155
          413.9587940691             0.0015270330             0.0752634308             2.0335958401
          415.0987940691             0.0015186728             0.0745851731             2.0335968055
          416.2387940691             0.0015103809             0.0739140064             2.0335975646
          417.3787940691             0.0015021568             0.0732499064             2.0335981599
          418.5187940691             0.0014939996             0.0725940460             2.0335986254
          419.6587940691             0.0014859086             0.0719452055             2.0335989885
          420.7987940691             0.0014778831             0.0713033297             2.0335992709
          421.9387940691             0.0014699224             0.0706686727             2.0335994900
          423.0787940691             0.0014620259             0.0700418031             2.0335996596
          424.2187940691             0.0014541927             0.0694217651             2.0335997904
          425.3587940691             0.0014464223             0.0688085128             2.0335998911
          426.4987940691             0.0014387140             0.0682025834             2.0335999684
          427.6387940691             0.0014310671             0.0676039081             2.0336000275
          428.7787940691             0.0014234810             0.0670118511             2.0336000727
          429.9187940691             0.0014159550             0.0664263572             2.0336001071
          431.0587940691             0.0014084885             0.0658482262             2.0336001332
          432.1987940691             0.0014010809             0.0652767937             2.0336001529
          433.3387940691             0.0013937315             0.0647117310             2.0336001679
          434.4787940691             0.0013864397             0.0641530009             2.0336001791
          435.6187940691             0.0013792050             0.0636015680             2.0336001876
          436.7587940691             0.0013720268             0.0630562973             2.0336001939
          437.8987940691             0.0013649044             0.0625171237             2.0336001987
          439.0387940691             0.0013578373             0.0619842746             2.0336002022
          440.1787940691             0.0013508249             0.0614581224             2.0336002048
          441.3187940691             0.0013438667             0.0609378483             2.0336002067
          442.4587940691             0.0013369620             0.0604233848             2.0336002082
          443.5987940691             0.0013301104             0.0599152001             2.0336002092
          444.7387940691             0.0013233114             0.0594131271             2.0336002100
          445.8787940691             0.0013165642             0.0589166410             2.0336002106
          447.0187940691             0.0013098686             0.0584256741             2.0336002110
          448.1587940691             0.0013032238             0.0579409105             2.0336002113
          449.2987940691             0.0012966295             0.0574616978             2.0336002115
          450.4387940691             0.0012900850             0.0569877813             2.0336002117
          451.5787940691             0.0012835900             0.0565191497             2.0336002118
          452.7187940691             0.0012771438             0.0560565120             2.0336002119
          453.8587940691             0.0012707461             0.0555989511             2.0336002120
          454.9987940691             0.0012643963             0.0551464011             2.0336002120
          456.1387940691             0.0012580939             0.0546990705             2.0336002120
          457.2787940691             0.0012518386             0.0542571845             2.0336002121
          458.4187940691             0.0012456297             0.0538200969             2.0336002121
          459.5587940691             0.0012394669             0.0533877447             2.0336002121
          460.6987940691             0.0012333497             0.0529605324             2.0336002121
          461.8387940691             0.0012272776             0.0525382522             2.0336002121
