# Energy loss (meV)	Quasi-elastic (arb. units)	Magnetic excitations (arb. units)	dd excitations (arb. units)
         -227.0056729480             0.0058222143             0.0079500930             0.0000000000
         -225.8656729480             0.0058807635             0.0080617013             0.0000000000
         -224.7256729480             0.0059401985             0.0081730665             0.0000000000
         -223.5856729480             0.0060005370             0.0082842144             0.0000000000
         -222.4456729480             0.0060617976             0.0083951649             0.0000000000
         -221.3056729480             0.0061239991             0.0085059375             0.0000000000
         -220.1656729480             0.0061871607             0.0086165846             0.0000000000
         -219.0256729480             0.0062513023             0.0087271355             0.0000000000
         -217.8856729480             0.0063164442             0.0088376168             0.0000000000
         -216.7456729480             0.0063826074             0.0089480657             0.0000000000
         -215.6056729480             0.0064498131             0.0090585178             0.0000000000
         -214.4656729480             0.0065180834             0.0091690039             0.0000000000
         -213.3256729480             0.0065874408             0.0092795684             0.0000000000
         -212.1856729480             0.0066579085             0.0093902411             0.0000000000
         -211.0456729480             0.0067295102             0.0095010508             0.0000000000
         -209.9056729480             0.0068022703             0.0096120301             0.0000000000
         -208.7656729480             0.0068762139             0.0097232482             0.0000000000
         -207.6256729480             0.0069513668             0.0098347068             0.0000000000
         -206.4856729480             0.0070277553             0.0099464373             0.0000000000
         -205.3456729480             0.0071054067             0.0100584888             0.0000000000
         -204.2056729480             0.0071843489             0.0101709222             0.0000000000
         -203.0656729480             0.0072646105             0.0102837309             0.0000000000
         -201.9256729480             0.0073462210             0.0103969462             0.0000000000
         -200.7856729480             0.0074292108             0.0105106449             0.0000000000
         -199.6456729480             0.0075136111             0.0106248558             0.0000000000
         -198.5056729480             0.0075994538             0.0107395757             0.0000000000
         -197.3656729480             0.0076867720             0.0108548356             0.0000000000
         -196.2256729480             0.0077755995             0.0109707526             0.0000000000
         -195.0856729480             0.0078659713             0.0110872987             0.0000000000
         -193.9456729480             0.0079579232             0.0112044867             0.0000000000
         -192.8056729480             0.0080514923             0.0113223572             0.0000000000
         -191.6656729480             0.0081467164             0.0114410499             0.0000000000
         -190.5256729480             0.0082436349             0.0115604861             0.0000000000
         -189.3856729480             0.0083422879             0.0116806970             0.0000000000
         -188.2456729480             0.0084427170             0.0118017628             0.0000000000
         -187.1056729480             0.0085449650             0.0119237680             0.0000000000
         -185.9656729480             0.0086490759             0.0120466500             0.0000000000
         -184.8256729480             0.0087550950             0.0121704400             0.0000000000
         -183.6856729480             0.0088630693             0.0122952708             0.0000000000
         -182.5456729480             0.0089730468             0.0124211477             0.0000000000
         -181.4056729480             0.0090850772             0.0125480364             0.0000000000
         -180.2656729480             0.0091992119             0.0126759686             0.0000000000
         -179.1256729480             0.0093155036             0.0128051422             0.0000000000
         -177.9856729480             0.0094340069             0.0129354598             0.0000000000
         -176.8456729480             0.0095547780             0.0130669273             0.0000000000
         -175.7056729480             0.0096778749             0.0131996027             0.0000000000
         -174.5656729480             0.0098033576             0.0133336867             0.0000000000
         -173.4256729480             0.0099312878             0.0134690298             0.0000000000
         -172.2856729480             0.0100617293             0.0136056657             0.0000000000
         -171.1456729480             0.0101947482             0.0137437185             0.0000000000
         -170.0056729480             0.0103304125             0.0138832877             0.0000000000
         -168.8656729480             0.0104687925             0.0140242637             0.0000000000
         -167.7256729480             0.0106099609             0.0141666819             0.0000000000
         -166.5856729480             0.0107539929             0.0143107469             0.0000000000
         -165.4456729480             0.0109009660             0.0144564308             0.0000000000
         -164.3056729480             0.0110509607             0.0146036770             0.0000000000
         -163.1656729480             0.0112040599             0.0147525230             0.0000000000
         -162.0256729480             0.0113603496             0.0149032694             0.0000000000
         -160.8856729480             0.0115199186             0.0150557331             0.0000000000
         -159.7456729480             0.0116828590             0.0152099244             0.0000000000
         -158.6056729480             0.0118492660             0.0153659332             0.0000000000
         -157.4656729480             0.0120192381             0.0155240236             0.0000000000
         -156.3256729480             0.0121928775             0.0156839761             0.0000000000
         -155.1856729480             0.0123702900             0.0158458333             0.0000000000
         -154.0456729480             0.0125515852             0.0160097835             0.0000000000
         -152.9056729480             0.0127368766             0.0161759370             0.0000000000
         -151.7656729480             0.0129262820             0.0163441403             0.0000000000
         -150.6256729480             0.0131199235             0.0165144393             0.0000000000
         -149.4856729480             0.0133179278             0.0166871397             0.0000000000
         -148.3456729480             0.0135204263             0.0168621651             0.0000000000
         -147.2056729480             0.0137275552             0.0170394439             0.0000000000
         -146.0656729480             0.0139394561             0.0172190260             0.0000000000
         -144.9256729480             0.0141562760             0.0174013556             0.0000000000
         -143.7856729480             0.0143781675             0.0175861328             0.0000000000
         -142.6456729480             0.0146052891             0.0177733856             0.0000000000
         -141.5056729480             0.0148378056             0.0179632581             0.0000000000
         -140.3656729480             0.0150758883             0.0181560894             0.0000000000
         -139.2256729480             0.0153197151             0.0183515814             0.0000000000
         -138.0856729480             0.0155694714             0.0185497932             0.0000000000
         -136.9456729480             0.0158253498             0.0187510119             0.0000000000
         -135.8056729480             0.0160875508             0.0189553549             0.0000000000
         -134.6656729480             0.0163562832             0.0191626220             0.0000000000
         -133.5256729480             0.0166317644             0.0193728783             0.0000000000
         -132.3856729480             0.0169142208             0.0195865815             0.0000000000
         -131.2456729480             0.0172038883             0.0198035809             0.0000000000
         -130.1056729480             0.0175010130             0.0200237961             0.0000000000
         -128.9656729480             0.0178058514             0.0202472997             0.0000000000
         -127.8256729480             0.0181186708             0.0204747516             0.0000000000
         -126.6856729480             0.0184397504             0.0207056789             0.0000000000
         -125.5456729480             0.0187693815             0.0209401471             0.0000000000
         -124.4056729480             0.0191078685             0.0211783908             0.0000000000
         -123.2656729480             0.0194555289             0.0214208487             0.0000000000
         -122.1256729480             0.0198126949             0.0216671230             0.0000000000
         -120.9856729480             0.0201797134             0.0219173021             0.0000000000
         -119.8456729480             0.0205569474             0.0221718316             0.0000000000
         -118.7056729480             0.0209447766             0.0224308303             0.0000000000
         -117.5656729480             0.0213435981             0.0226940432             0.0000000000
         -116.4256729480             0.0217538281             0.0229615700             0.0000000000
         -115.2856729480             0.0221759020             0.0232341099             0.0000000000
         -114.1456729480             0.0226102763             0.0235113912             0.0000000000
         -113.0056729480             0.0230574295             0.0237933357             0.0000000000
         -111.8656729480             0.0235178631             0.0240800706             0.0000000000
         -110.7256729480             0.0239921037             0.0243725561             0.0000000000
         -109.5856729480             0.0244807035             0.0246700894             0.0000000000
         -108.4456729480             0.0249842427             0.0249727948             0.0000000000
         -107.3056729480             0.0255033305             0.0252810631             0.0000000000
         -106.1656729480             0.0260386074             0.0255954755             0.0000000000
         -105.0256729480             0.0265907468             0.0259154977             0.0000000000
         -103.8856729480             0.0271604569             0.0262412716             0.0000000000
         -102.7456729480             0.0277484835             0.0265735100             0.0000000000
         -101.6056729480             0.0283556115             0.0269123218             0.0000000000
         -100.4656729480             0.0289826681             0.0272573860             0.0000000000
          -99.3256729480             0.0296305253             0.0276088651             0.0000000000
          -98.1856729480             0.0303001026             0.0279678655             0.0000000000
          -97.0456729480             0.0309923706             0.0283339093             0.0000000000
          -95.9056729480             0.0317083541             0.0287069438             0.0000000000
          -94.7656729480             0.0324491357             0.0290872290             0.0000000000
          -93.6256729480             0.0332158604             0.0294761335             0.0000000000
          -92.4856729480             0.0340097394             0.0298726714             0.0000000000
          -91.3456729480             0.0348320555             0.0302770525             0.0000000000
          -90.2056729480             0.0356841683             0.0306899518             0.0000000000
          -89.0656729480             0.0365675204             0.0311121712             0.0000000000
          -87.9256729480             0.0374836439             0.0315429800             0.0000000000
          -86.7856729480             0.0384341690             0.0319826224             0.0000000000
          -85.6456729480             0.0394208325             0.0324322917             0.0000000000
          -84.5056729480             0.0404454889             0.0328920651             0.0000000000
          -83.3656729480             0.0415101228             0.0333615434             0.0000000000
          -82.2256729480             0.0426168650             0.0338410129             0.0000000000
          -81.0856729480             0.0437680108             0.0343323150             0.0000000000
          -79.9456729480             0.0449660438             0.0348346031             0.0000000000
          -78.8056729480             0.0462136653             0.0353479069             0.0000000000
          -77.6656729480             0.0475138311             0.0358727606             0.0000000000
          -76.5256729480             0.0488697991             0.0364112288             0.0000000000
          -75.3856729480             0.0502851888             0.0369618791             0.0000000000
          -74.2456729480             0.0517640582             0.0375250973             0.0000000000
          -73.1056729480             0.0533110023             0.0381021184             0.0000000000
          -71.9656729480             0.0549312774             0.0386941238             0.0000000000
          -70.8256729480             0.0566309616             0.0393000917             0.0000000000
          -69.6856729480             0.0584171565             0.0399204869             0.0000000000
          -68.5456729480             0.0602982430             0.0405574529             0.0000000000
          -67.4056729480             0.0622842032             0.0412110036             0.0000000000
          -66.2656729480             0.0643870213             0.0418806783             0.0000000000
          -65.1256729480             0.0666211821             0.0425670493             0.0000000000
          -63.9856729480             0.0690042840             0.0432734581             0.0000000000
          -62.8456729480             0.0715577893             0.0439983803             0.0000000000
          -61.7056729480             0.0743079323             0.0447421306             0.0000000000
          -60.5656729480             0.0772868105             0.0455059279             0.0000000000
          -59.4256729480             0.0805336831             0.0462932985             0.0000000000
          -58.2856729480             0.0840964999             0.0471021329             0.0000000000
          -57.1456729480             0.0880336832             0.0479333689             0.0000000000
          -56.0056729480             0.0924161806             0.0487897214             0.0000000000
          -54.8656729480             0.0973298009             0.0496734517             0.0000000000
          -53.7256729480             0.1028778367             0.0505833325             0.0000000000
          -52.5856729480             0.1091839660             0.0515207635             0.0000000000
          -51.4456729480             0.1163954106             0.0524908327             0.0000000000
          -50.3056729480             0.1246863107             0.0534940861             0.0000000000
          -49.1656729480             0.1342612543             0.0545308042             0.0000000000
          -48.0256729480             0.1453588743             0.0556033018             0.0000000000
          -46.8856729480             0.1582554011             0.0567208108             0.0000000000
          -45.7456729480             0.1732680265             0.0578812935             0.0000000000
          -44.6056729480             0.1907579072             0.0590877705             0.0000000000
          -43.4656729480             0.2111326048             0.0603460447             0.0000000000
          -42.3256729480             0.2348477340             0.0616680485             0.0000000000
          -41.1856729480             0.2624075663             0.0630521015             0.0000000000
          -40.0456729480             0.2943643224             0.0645047190             0.0000000000
          -38.9056729480             0.3313158785             0.0660398174             0.0000000000
          -37.7656729480             0.3739016199             0.0676699268             0.0000000000
          -36.6256729480             0.4227961903             0.0693976031             0.0000000000
          -35.4856729480             0.4787009256             0.0712344611             0.0000000000
          -34.3456729480             0.5423328110             0.0732103633             0.0000000000
          -33.2056729480             0.6144108704             0.0753350517             0.0000000000
          -32.0656729480             0.6956399879             0.0776194246             0.0000000000
          -30.9256729480             0.7866922606             0.0800831449             0.0000000000
          -29.7856729480             0.8881861004             0.0827857379             0.0000000000
          -28.6456729480             1.0006634233             0.0857236618             0.0000000000
          -27.5056729480             1.1245653886             0.0889234019             0.0000000000
          -26.3656729480             1.2602072692             0.0924282527             0.0000000000
          -25.2256729480             1.4077531337             0.0963116840             0.0000000000
          -24.0856729480             1.5671911049             0.1005706556             0.0000000000
          -22.9456729480             1.7383099983             0.1052465149             0.0000000000
          -21.8056729480             1.9206781573             0.1104262459             0.0000000000
          -20.6656729480             2.1136252579             0.1161733907             0.0000000000
          -19.5256729480             2.3162277730             0.1224969721             0.0000000000
          -18.3856729480             2.5272986605             0.1294522700             0.0000000000
          -17.2456729480             2.7453816903             0.1371938862             0.0000000000
          -16.1056729480             2.9687506754             0.1457375896             0.0000000000
          -14.9656729480             3.1954137633             0.1551152811             0.0000000000
          -13.8256729480             3.4231229287             0.1653933519             0.0000000000
          -12.6856729480             3.6493889474             0.1768196830             0.0000000000
          -11.5456729480             3.8715024751             0.1893056334             0.0000000000
          -10.4056729480             4.0865624379             0.2029205400             0.0000000000
           -9.2656729480             4.2915136988             0.2177913057             0.0000000000
           -8.1256729480             4.4831967439             0.2341098463             0.0000000000
           -6.9856729480             4.6584125927             0.2517860243             0.0000000000
           -5.8456729480             4.8140058104             0.2708858139             0.0000000000
           -4.7056729480             4.9469668642             0.2916113833             0.0000000000
           -3.5656729480             5.0545518096             0.3140274423             0.0000000000
           -2.4256729480             5.1344126106             0.3380610267             0.0000000000
           -1.2856729480             5.1847262725             0.3637612808             0.0000000000
           -0.1456729480             5.2043070885             0.3914078090             0.0000000000
            0.9943270520             5.1926855368             0.4208796540             0.0000000000
            2.1343270520             5.1501408407             0.4521382265             0.0000000000
            3.2743270520             5.0776815140             0.4852168120             0.0000000000
            4.4143270520             4.9769773063             0.5204293240             0.0000000000
            5.5543270520             4.8502539749             0.5574771480             0.0000000000
            6.6943270520             4.7001668763             0.5963609425             0.0000000000
            7.8343270520             4.5296696334             0.6371686209             0.0000000000
            8.9743270520             4.3418908878             0.6800172460             0.0000000000
           10.1143270520             4.1400271557             0.7246646684             0.0000000000
           11.2543270520             3.9272548901             0.7710897517             0.0000000000
           12.3943270520             3.7066611791             0.8194342753             0.0000000000
           13.5343270520             3.4811904785             0.8696319174             0.0000000000
           14.6743270520             3.2536041615             0.9215167777             0.0000000000
           15.8143270520             3.0264499776             0.9750575798             0.0000000000
           16.9543270520             2.8020392475             1.0304478181             0.0000000000
           18.0943270520             2.5824304072             1.0874729091             0.0000000000
           19.2343270520             2.3694181515             1.1460486328             0.0000000000
           20.3743270520             2.1645278286             1.2061631942             0.0000000000
           21.5143270520             1.9690149279             1.2680033646             0.0000000000
           22.6543270520             1.7838695202             1.3312976669             0.0000000000
           23.7943270520             1.6098254163             1.3960202769             0.0000000000
           24.9343270520             1.4473736720             1.4622273767             0.0000000000
           26.0743270520             1.2967799090             1.5299731165             0.0000000000
           27.2143270520             1.1581047922             1.5990756813             0.0000000000
           28.3543270520             1.0312269057             1.6695175242             0.0000000000
           29.4943270520             0.9158672204             1.7414180200             0.0000000000
           30.6343270520             0.8116143387             1.8147173214             0.0000000000
           31.7743270520             0.7179497414             1.8893093133             0.0000000000
           32.9143270520             0.6342723297             1.9651823695             0.0000000000
           34.0543270520             0.5599216556             2.0425126171             0.0000000000
           35.1943270520             0.4941993463             2.1211314473             0.0000000000
           36.3343270520             0.4363883515             2.2009954263             0.0000000000
           37.4743270520             0.3857697674             2.2821169224             0.0000000000
           38.6143270520             0.3416371068             2.3646452590             0.0000000000
           39.7543270520             0.3033079931             2.4483754615             0.0000000000
           40.8943270520             0.2701333470             2.5332905461             0.0000000000
           42.0343270520             0.2415042096             2.6194450998             0.0000000000
           43.1743270520             0.2168564049             2.7068618324             0.0000000000
           44.3143270520             0.1956732815             2.7953866326             0.0000000000
           45.4543270520             0.1774867995             2.8849881646             0.0000000000
           46.5943270520             0.1618772363             2.9757407239             0.0000000000
           47.7343270520             0.1484717805             3.0675464520             0.0000000000
           48.8743270520             0.1369422713             3.1602913773             0.0000000000
           50.0143270520             0.1270023189             3.2539219520             0.0000000000
           51.1543270520             0.1184040147             3.3484966658             0.0000000000
           52.2943270520             0.1109344127             3.4438253934             0.0000000000
           53.4343270520             0.1044119313             3.5398177464             0.0000000000
           54.5743270520             0.0986827978             3.6364044406             0.0000000000
           55.7143270520             0.0936176270             3.7335378651             0.0000000000
           56.8543270520             0.0891082033             3.8310362401             0.0000000000
           57.9943270520             0.0850645105             3.9287927800             0.0000000000
           59.1343270520             0.0814120364             4.0266940272             0.0000000000
           60.2743270520             0.0780893643             4.1245913662             0.0000000000
           61.4143270520             0.0750460477             4.2223408206             0.0000000000
           62.5543270520             0.0722407619             4.3198030511             0.0000000000
           63.6943270520             0.0696397111             4.4167619998             0.0000000000
           64.8343270520             0.0672152742             4.5130603533             0.0000000000
           65.9743270520             0.0649448628             4.6085623015             0.0000000000
           67.1143270520             0.0628099681             4.7030996163             0.0000000000
           68.2543270520             0.0607953730             4.7962843256             0.0000000000
           69.3943270520             0.0588885058             4.8880837431             0.0000000000
           70.5343270520             0.0570789147             4.9783269418             0.0000000000
           71.6743270520             0.0553578429             5.0667602049             0.0000000000
           72.8143270520             0.0537178884             5.1529483593             0.0000000000
           73.9543270520             0.0521527331             5.2369506645             0.0000000000
           75.0943270520             0.0506569271             5.3185729655             0.0000000000
           76.2343270520             0.0492257196             5.3974021445             0.0000000000
           77.3743270520             0.0478549257             5.4731576363             0.0000000000
           78.5143270520             0.0465408218             5.5458996846             0.0000000000
           79.6543270520             0.0452800641             5.6154420340             0.0000000000
           80.7943270520             0.0440696243             5.6811607897             0.0000000000
           81.9343270520             0.0429067400             5.7430998804             0.0000000000
           83.0743270520             0.0417888752             5.8012639764             0.0000000000
           84.2143270520             0.0407136886             5.8554942755             0.0000000000
           85.3543270520             0.0396790097             5.9049258024             0.0000000000
           86.4943270520             0.0386828178             5.9500751627             0.0000000000
           87.6343270520             0.0377232267             5.9908378669             0.0000000000
           88.7743270520             0.0367984704             6.0269151326             0.0000000000
           89.9143270520             0.0359068925             6.0577602871             0.0000000000
           91.0543270520             0.0350469367             6.0838981538             0.0000000000
           92.1943270520             0.0342171380             6.1052616882             0.0000000000
           93.3343270520             0.0334161164             6.1213817677             0.0000000000
           94.4743270520             0.0326425700             6.1322020391             0.0000000000
           95.6143270520             0.0318952697             6.1381349409             0.0000000000
           96.7543270520             0.0311730541             6.1391799218             0.0000000000
           97.8943270520             0.0304748249             6.1347181843             0.0000000000
           99.0343270520             0.0297995430             6.1252162395             0.0000000000
          100.1743270520             0.0291462243             6.1109364109             0.0000000000
          101.3143270520             0.0285139365             6.0919358411             0.0000000000
          102.4543270520             0.0279017959             6.0675231360             0.0000000000
          103.5943270520             0.0273089640             6.0386057917             0.0000000000
          104.7343270520             0.0267346452             6.0052963393             0.0000000000
          105.8743270520             0.0261780842             5.9675250366             0.0000000000
          107.0143270520             0.0256385632             5.9251277484             0.0000000000
          108.1543270520             0.0251154002             5.8787926094             0.0000000000
          109.2943270520             0.0246079465             5.8286793899             0.0000000000
          110.4343270520             0.0241155849             5.7746395103             0.0000000000
          111.5743270520             0.0236377283             5.7169267679             0.0000000000
          112.7143270520             0.0231738171             5.6560167947             0.0000000000
          113.8543270520             0.0227233185             5.5920981835             0.0000000000
          114.9943270520             0.0222857248             5.5250030095             0.0000000000
          116.1343270520             0.0218605516             5.4552439767             0.0000000000
          117.2743270520             0.0214473370             5.3831197781             0.0000000000
          118.4143270520             0.0210456401             5.3088110562             0.0000000000
          119.5543270520             0.0206550402             5.2322418143             0.0000000000
          120.6943270520             0.0202751352             5.1539562530             0.0000000000
          121.8343270520             0.0199055411             5.0741471670             0.0000000000
          122.9743270520             0.0195458908             4.9929429678             0.0000000000
          124.1143270520             0.0191958333             4.9104899429             0.0000000000
          125.2543270520             0.0188550327             4.8271217211             0.0000000000
          126.3943270520             0.0185231677             4.7430120627             0.0000000000
          127.5343270520             0.0181999308             4.6582889681             0.0000000000
          128.6743270520             0.0178850274             4.5731600437             0.0000000000
          129.8143270520             0.0175781753             4.4878179532             0.0000000000
          130.9543270520             0.0172791041             4.4024080789             0.0000000000
          132.0943270520             0.0169875545             4.3170981515             0.0000000000
          133.2343270520             0.0167032780             4.2320288420             0.0000000000
          134.3743270520             0.0164260361             4.1473177374             0.0000000000
          135.5143270520             0.0161556000             4.0630869488             0.0000000000
          136.6543270520             0.0158917500             3.9795416711             0.0000000000
          137.7943270520             0.0156342751             3.8966972544             0.0000000000
          138.9343270520             0.0153829729             3.8146412896             0.0000000000
          140.0743270520             0.0151376486             3.7335120957             0.0000000000
          141.2143270520             0.0148981151             3.6534457669             0.0000000000
          142.3543270520             0.0146641927             3.5744057674             0.0000000000
          143.4943270520             0.0144357082             3.4964495545             0.0000000000
          144.6343270520             0.0142124954             3.4197540439             0.0000000000
          145.7743270520             0.0139943941             3.3443283657             0.0000000000
          146.9143270520             0.0137812503             3.2701320651             0.0000000000
          148.0543270520             0.0135729155             3.1971971160             0.0000000000
          149.1943270520             0.0133692468             3.1257491265             0.0000000000
          150.3343270520             0.0131701067             3.0556460977             0.0000000000
          151.4743270520             0.0129753624             2.9868747947             0.0000000000
          152.6143270520             0.0127848862             2.9194777878             0.0000000000
          153.7543270520             0.0125985547             2.8536383361             0.0000000000
          154.8943270520             0.0124162492             2.7891556614             0.0000000000
          156.0343270520             0.0122378550             2.7260299372             0.0000000000
          157.1743270520             0.0120632616             2.6643500079             0.0000000000
          158.3143270520             0.0118923620             2.6041605877             0.0000000000
          159.4543270520             0.0117250535             2.5453091462             0.0000000000
          160.5943270520             0.0115612363             2.4877849033             0.0000000000
          161.7343270520             0.0114008145             2.4317222578             0.0000000000
          162.8743270520             0.0112436953             2.3770351286             0.0000000000
          164.0143270520             0.0110897890             2.3236270376             0.0000000000
          165.1543270520             0.0109390090             2.2714802889             0.0000000000
          166.2943270520             0.0107912713             2.2207698023             0.0000000000
          167.4343270520             0.0106464952             2.1712954937             0.0000000000
          168.5743270520             0.0105046022             2.1230169832             0.0000000000
          169.7143270520             0.0103655166             2.0759467100             0.0000000000
          170.8543270520             0.0102291651             2.0301911057             0.0000000000
          171.9943270520             0.0100954767             1.9855585354             0.0000000000
          173.1343270520             0.0099643828             1.9420261245             0.0000000000
          174.2743270520             0.0098358169             1.8996494880             0.0000000000
          175.4143270520             0.0097097147             1.8584263742             0.0000000000
          176.5543270520             0.0095860138             1.8182270000             0.0000000000
          177.6943270520             0.0094646539             1.7790281529             0.0000000000
          178.8343270520             0.0093455765             1.7409211936             0.0000000000
          179.9743270520             0.0092287248             1.7038145544             0.0000000000
          181.1143270520             0.0091140440             1.6676328583             0.0000000000
          182.2543270520             0.0090014807             1.6323536315             0.0000000000
          183.3943270520             0.0088909833             1.5980965788             0.0000000000
          184.5343270520             0.0087825018             1.5646992440             0.0000000000
          185.6743270520             0.0086759875             1.5321324118             0.0000000000
          186.8143270520             0.0085713933             1.5004036179             0.0000000000
          187.9543270520             0.0084686734             1.4695681904             0.0000000000
          189.0943270520             0.0083677836             1.4394951678             0.0000000000
          190.2343270520             0.0082686807             1.4101647470             0.0000000000
          191.3743270520             0.0081713228             1.3816149383             0.0000000000
          192.5143270520             0.0080756694             1.3538303145             0.0000000000
          193.6543270520             0.0079816810             1.3267259580             0.0000000000
          194.7943270520             0.0078893194             1.3002838721             0.0000000000
          195.9343270520             0.0077985472             1.2745660679             0.0000000000
          197.0743270520             0.0077093284             1.2495011126             0.0000000001
          198.2143270520             0.0076216277             1.2250421174             0.0000000001
          199.3543270520             0.0075354111             1.2011729049             0.0000000001
          200.4943270520             0.0074506453             1.1779739239             0.0000000002
          201.6343270520             0.0073672980             1.1553302654             0.0000000003
          202.7743270520             0.0072853379             1.1332259846             0.0000000005
          203.9143270520             0.0072047344             1.1116687077             0.0000000007
          205.0543270520             0.0071254578             1.0906864705             0.0000000011
          206.1943270520             0.0070474792             1.0701975091             0.0000000016
          207.3343270520             0.0069707705             1.0501886547             0.0000000024
          208.4743270520             0.0068953044             1.0306873077             0.0000000036
          209.6143270520             0.0068210542             1.0116769560             0.0000000053
          210.7543270520             0.0067479941             0.9931058378             0.0000000079
          211.8943270520             0.0066760986             0.9749622953             0.0000000116
          213.0343270520             0.0066053434             0.9572891868             0.0000000171
          214.1743270520             0.0065357045             0.9400348288             0.0000000250
          215.3143270520             0.0064671586             0.9231719138             0.0000000365
          216.4543270520             0.0063996829             0.9066919649             0.0000000530
          217.5943270520             0.0063332553             0.8906442614             0.0000000765
          218.7343270520             0.0062678544             0.8749551644             0.0000001101
          219.8743270520             0.0062034591             0.8596153249             0.0000001578
          221.0143270520             0.0061400490             0.8446322448             0.0000002251
          222.1543270520             0.0060776040             0.8300198490             0.0000003198
          223.2943270520             0.0060161048             0.8157277503             0.0000004523
          224.4343270520             0.0059555323             0.8017477032             0.0000006370
          225.5743270520             0.0058958682             0.7880999306             0.0000008932
          226.7143270520             0.0058370943             0.7747699611             0.0000012472
          227.8543270520             0.0057791931             0.7617265065             0.0000017341
          228.9943270520             0.0057221474             0.7489622942             0.0000024008
          230.1343270520             0.0056659405             0.7365075705             0.0000033095
          231.2743270520             0.0056105560             0.7243252331             0.0000045428
          232.4143270520             0.0055559781             0.7123996125             0.0000062091
          233.5543270520             0.0055021911             0.7007271635             0.0000084507
          234.6943270520             0.0054491799             0.6893373119             0.0000114525
          235.8343270520             0.0053969297             0.6781837064             0.0000154548
          236.9743270520             0.0053454260             0.6672605151             0.0000207675
          238.1143270520             0.0052946546             0.6565745527             0.0000277882
          239.2543270520             0.0052446018             0.6461323814             0.0000370252
          240.3943270520             0.0051952541             0.6359025395             0.0000491242
          241.5343270520             0.0051465984             0.6258798705             0.0000649021
          242.6743270520             0.0050986217             0.6160795242             0.0000853862
          243.8143270520             0.0050513116             0.6064894966             0.0001118629
          244.9543270520             0.0050046558             0.5970906448             0.0001459338
          246.0943270520             0.0049586423             0.5878784040             0.0001895832
          247.2343270520             0.0049132593             0.5788745764             0.0002452565
          248.3743270520             0.0048684954             0.5700521695             0.0003159518
          249.5143270520             0.0048243395             0.5614022033             0.0004053252
          250.6543270520             0.0047807805             0.5529236963             0.0005178119
          251.7943270520             0.0047378079             0.5446345087             0.0006587630
          252.9343270520             0.0046954111             0.5365048351             0.0008346000
          254.0743270520             0.0046535799             0.5285309830             0.0010529868
          255.2143270520             0.0046123043             0.5207188523             0.0013230202
          256.3543270520             0.0045715745             0.5130711179             0.0016554370
          257.4943270520             0.0045313810             0.5055677223             0.0020628388
          258.6343270520             0.0044917144             0.4982053821             0.0025599318
          259.7743270520             0.0044525656             0.4909956023             0.0031637785
          260.9143270520             0.0044139255             0.4839285761             0.0038940603
          262.0543270520             0.0043757855             0.4769923882             0.0047733435
          263.1943270520             0.0043381369             0.4701841138             0.0058273459
          264.3343270520             0.0043009714             0.4635197937             0.0070851964
          265.4743270520             0.0042642808             0.4569794107             0.0085796795
          266.6143270520             0.0042280569             0.4505578345             0.0103474568
          267.7543270520             0.0041922919             0.4442553560             0.0124292552
          268.8943270520             0.0041569782             0.4380829542             0.0148700110
          270.0343270520             0.0041221082             0.4320210109             0.0177189592
          271.1743270520             0.0040876744             0.4260671336             0.0210296557
          272.3143270520             0.0040536697             0.4202263075             0.0248599198
          273.4543270520             0.0040200869             0.4144991497             0.0292716876
          274.5943270520             0.0039869191             0.4088725937             0.0343307628
          275.7343270520             0.0039541596             0.4033444980             0.0401064569
          276.8743270520             0.0039218016             0.3979237188             0.0466711103
          278.0143270520             0.0038898386             0.3926022553             0.0540994880
          279.1543270520             0.0038582642             0.3873725668             0.0624680478
          280.2943270520             0.0038270722             0.3822327333             0.0718540798
          281.4343270520             0.0037962565             0.3771947851             0.0823347221
          282.5743270520             0.0037658109             0.3722435826             0.0939858598
          283.7143270520             0.0037357296             0.3673762371             0.1068809188
          284.8543270520             0.0037060069             0.3625936307             0.1210895714
          285.9943270520             0.0036766370             0.3579025582             0.1366763735
          287.1343270520             0.0036476144             0.3532898165             0.1536993584
          288.2743270520             0.0036189337             0.3487538164             0.1722086146
          289.4143270520             0.0035905895             0.3442987256             0.1922448804
          290.5543270520             0.0035625766             0.3399240873             0.2138381879
          291.6943270520             0.0035348898             0.3356212173             0.2370065917
          292.8343270520             0.0035075241             0.3313886842             0.2617550202
          293.9743270520             0.0034804745             0.3272333961             0.2880742818
          295.1143270520             0.0034537363             0.3231487985             0.3159402631
          296.2543270520             0.0034273046             0.3191300546             0.3453133469
          297.3943270520             0.0034011749             0.3151758728             0.3761380790
          298.5343270520             0.0033753425             0.3112954361             0.4083431043
          299.6743270520             0.0033498029             0.3074770805             0.4418413868
          300.8143270520             0.0033245517             0.3037192391             0.4765307239
          301.9543270520             0.0032995846             0.3000230309             0.5122945542
          303.0943270520             0.0032748975             0.2963926563             0.5490030522
          304.2343270520             0.0032504860             0.2928190485             0.5865144950
          305.3743270520             0.0032263461             0.2893011265             0.6246768780
          306.5143270520             0.0032024739             0.2858423634             0.6633297500
          307.6543270520             0.0031788653             0.2824417664             0.7023062299
          308.7943270520             0.0031555166             0.2790934619             0.7414351648
          309.9343270520             0.0031324238             0.2757964703             0.7805433803
          311.0743270520             0.0031095834             0.2725562491             0.8194579776
          312.2143270520             0.0030869916             0.2693673948             0.8580086221
          313.3543270520             0.0030646448             0.2662267761             0.8960297776
          314.4943270520             0.0030425396             0.2631335493             0.9333628338
          315.6343270520             0.0030206723             0.2600947005             0.9698580836
          316.7743270520             0.0029990398             0.2571012292             1.0053765087
          317.9143270520             0.0029776385             0.2541523090             1.0397913386
          319.0543270520             0.0029564653             0.2512491146             1.0729893535
          320.1943270520             0.0029355169             0.2483942110             1.1048719123
          321.3343270520             0.0029147901             0.2455812597             1.1353556902
          322.4743270520             0.0028942818             0.2428095088             1.1643731218
          323.6143270520             0.0028739890             0.2400818555             1.1918725534
          324.7543270520             0.0028539086             0.2373970678             1.2178181121
          325.8943270520             0.0028340378             0.2347511138             1.2421893115
          327.0343270520             0.0028143735             0.2321433081             1.2649804143
          328.1743270520             0.0027949131             0.2295780143             1.2861995820
          329.3143270520             0.0027756535             0.2270507462             1.3058678407
          330.4543270520             0.0027565922             0.2245594682             1.3240178998
          331.5943270520             0.0027377263             0.2221038279             1.3406928574
          332.7343270520             0.0027190533             0.2196886127             1.3559448294
          333.8743270520             0.0027005704             0.2173073747             1.3698335366
          335.0143270520             0.0026822752             0.2149595304             1.3824248841
          336.1543270520             0.0026641652             0.2126462199             1.3937895628
          337.2943270520             0.0026462377             0.2103689638             1.4040017008
          338.4343270520             0.0026284904             0.2081232614             1.4131375886
          339.5743270520             0.0026109209             0.2059085789             1.4212744965
          340.7143270520             0.0025935268             0.2037273410             1.4284896007
          341.8543270520             0.0025763058             0.2015782403             1.4348590279
          342.9943270520             0.0025592556             0.1994584751             1.4404570255
          344.1343270520             0.0025423739             0.1973675564             1.4453552604
          345.2743270520             0.0025256586             0.1953090122             1.4496222450
          346.4143270520             0.0025091074             0.1932790910             1.4533228872
          347.5543270520             0.0024927183             0.1912764726             1.4565181581
          348.6943270520             0.0024764890             0.1893010977             1.4592648683
          349.8343270520             0.0024604176             0.1873562703             1.4616155432
          350.9743270520             0.0024445020             0.1854373004             1.4636183858
          352.1143270520             0.0024287402             0.1835437681             1.4653173166
          353.2543270520             0.0024131303             0.1816767376             1.4667520760
          354.3943270520             0.0023976702             0.1798370560             1.4679583808
          355.5343270520             0.0023823580             0.1780214835             1.4689681209
          356.6743270520             0.0023671920             0.1762296317             1.4698095871
          357.8143270520             0.0023521702             0.1744635297             1.4705077204
          358.9543270520             0.0023372908             0.1727218578             1.4710843734
          360.0943270520             0.0023225521             0.1710025975             1.4715585775
          361.2343270520             0.0023079522             0.1693052954             1.4719468090
          362.3743270520             0.0022934894             0.1676326207             1.4722632484
          363.5143270520             0.0022791621             0.1659812958             1.4725200307
          364.6543270520             0.0022649684             0.1643503855             1.4727274810
          365.7943270520             0.0022509069             0.1627399364             1.4728943355
          366.9343270520             0.0022369757             0.1611521233             1.4730279445
          368.0743270520             0.0022231734             0.1595835868             1.4731344590
          369.2143270520             0.0022094984             0.1580340180             1.4732189977
          370.3543270520             0.0021959490             0.1565043422             1.4732857979
          371.4943270520             0.0021825238             0.1549949429             1.4733383481
          372.6343270520             0.0021692213             0.1535035354             1.4733795052
          373.7743270520             0.0021560399             0.1520298344             1.4734115968
          374.9143270520             0.0021429782             0.1505754819             1.4734365089
          376.0543270520             0.0021300347             0.1491392752             1.4734557622
          377.1943270520             0.0021172081             0.1477198671             1.4734705763
          378.3343270520             0.0021044969             0.1463169915             1.4734819243
          379.4743270520             0.0020918997             0.1449329078             1.4734905787
          380.6143270520             0.0020794152             0.1435650329             1.4734971497
          381.7543270520             0.0020670421             0.1422128430             1.4735021167
          382.8943270520             0.0020547790             0.1408765222             1.4735058547
          384.0343270520             0.0020426246             0.1395575597             1.4735086553
          385.1743270520             0.0020305777             0.1382534766             1.4735107444
          386.3143270520             0.0020186369             0.1369640367             1.4735122957
          387.4543270520             0.0020068011             0.1356900523             1.4735134427
          388.5943270520             0.0019950690             0.1344316222             1.4735142869
          389.7343270520             0.0019834394             0.1331870802             1.4735149056
          390.8743270520             0.0019719112             0.1319562042             1.4735153570
          392.0143270520             0.0019604830             0.1307403502             1.4735156848
          393.1543270520             0.0019491539             0.1295384033             1.4735159219
          394.2943270520             0.0019379226             0.1283494130             1.4735160925
          395.4343270520             0.0019267881             0.1271731706             1.4735162149
          396.5743270520             0.0019157492             0.1260114982             1.4735163022
          397.7143270520             0.0019048048             0.1248622284             1.4735163642
          398.8543270520             0.0018939538             0.1237250389             1.4735164080
          399.9943270520             0.0018831953             0.1226001466             1.4735164389
          401.1343270520             0.0018725281             0.1214885291             1.4735164606
          402.2743270520             0.0018619512             0.1203883544             1.4735164757
          403.4143270520             0.0018514637             0.1192994347             1.4735164862
          404.5543270520             0.0018410644             0.1182224626             1.4735164934
          405.6943270520             0.0018307524             0.1171573558             1.4735164984
          406.8343270520             0.0018205268             0.1161029043             1.4735165019
          407.9743270520             0.0018103866             0.1150589317             1.4735165042
          409.1143270520             0.0018003308             0.1140265404             1.4735165058
          410.2543270520             0.0017903584             0.1130047285             1.4735165069
          411.3943270520             0.0017804687             0.1119928335             1.4735165076
          412.5343270520             0.0017706606             0.1109906906             1.4735165081
          413.6743270520             0.0017609333             0.1099997530             1.4735165084
          414.8143270520             0.0017512859             0.1090182283             1.4735165086
          415.9543270520             0.0017417175             0.1080459332             1.4735165088
          417.0943270520             0.0017322273             0.1070830929             1.4735165089
          418.2343270520             0.0017228144             0.1061303297             1.4735165089
          419.3743270520             0.0017134779             0.1051863069             1.4735165090
          420.5143270520             0.0017042171             0.1042508836             1.4735165090
          421.6543270520             0.0016950311             0.1033246508             1.4735165090
          422.7943270520             0.0016859191             0.1024074371             1.4735165090
          423.9343270520             0.0016768804             0.1014983836             1.4735165090
          425.0743270520             0.0016679141             0.1005973657             1.4735165090
          426.2143270520             0.0016590195             0.0997052986             1.4735165090
          427.3543270520             0.0016501959             0.0988213234             1.4735165090
          428.4943270520             0.0016414423             0.0979450040             1.4735165090
          429.6343270520             0.0016327583             0.0970762648             1.4735165090
          430.7743270520             0.0016241429             0.0962162282             1.4735165090
          431.9143270520             0.0016155954             0.0953635210             1.4735165090
          433.0543270520             0.0016071153             0.0945180555             1.4735165090
          434.1943270520             0.0015987017             0.0936800981             1.4735165090
          435.3343270520             0.0015903539             0.0928500953             1.4735165090
          436.4743270520             0.0015820713             0.0920270866             1.4735165090
          437.6143270520             0.0015738533             0.0912110096             1.4735165090
          438.7543270520             0.0015656990             0.0904024527             1.4735165090
          439.8943270520             0.0015576080             0.0896012547             1.4735165090
          441.0343270520             0.0015495794             0.0888068265             1.4735165090
          442.1743270520             0.0015416128             0.0880191322             1.4735165090
          443.3143270520             0.0015337073             0.0872390748             1.4735165090
          444.4543270520             0.0015258625             0.0864659215             1.4735165090
          445.5943270520             0.0015180777             0.0856994245             1.4735165090
          446.7343270520             0.0015103523             0.0849396439             1.4735165090
          447.8743270520             0.0015026857             0.0841875848             1.4735165090
          449.0143270520             0.0014950773             0.0834421611             1.4735165090
          450.1543270520             0.0014875265             0.0827033758             1.4735165090
          451.2943270520             0.0014800327             0.0819716085             1.4735165090
          452.4343270520             0.0014725954             0.0812472837             1.4735165090
          453.5743270520             0.0014652139             0.0805296288             1.4735165090
          454.7143270520             0.0014578878             0.0798186582             1.4735165090
          455.8543270520             0.0014506165             0.0791150682             1.4735165090
          456.9943270520             0.0014433994             0.0784186866             1.4735165090
