# Energy loss (meV)	Quasi-elastic (arb. units)	Magnetic excitations (arb. units)	dd excitations (arb. units)
         -226.5885956899             0.0197060467             0.0057226593             0.0000000000
         -225.4485956899             0.0199045800             0.0057895242             0.0000000000
         -224.3085956899             0.0201061224             0.0058567579             0.0000000000
         -223.1685956899             0.0203107346             0.0059243720             0.0000000000
         -222.0285956899             0.0205184793             0.0059923980             0.0000000000
         -220.8885956899             0.0207294207             0.0060608812             0.0000000000
         -219.7485956899             0.0209436243             0.0061297839             0.0000000000
         -218.6085956899             0.0211611579             0.0061991183             0.0000000000
         -217.4685956899             0.0213820904             0.0062689418             0.0000000000
         -216.3285956899             0.0216064931             0.0063392599             0.0000000000
         -215.1885956899             0.0218344387             0.0064100513             0.0000000000
         -214.0485956899             0.0220660020             0.0064813289             0.0000000000
         -212.9085956899             0.0223012599             0.0065531814             0.0000000000
         -211.7685956899             0.0225402911             0.0066255644             0.0000000000
         -210.6285956899             0.0227831766             0.0066984775             0.0000000000
         -209.4885956899             0.0230299995             0.0067719469             0.0000000000
         -208.3485956899             0.0232808451             0.0068460622             0.0000000000
         -207.2085956899             0.0235358012             0.0069207539             0.0000000000
         -206.0685956899             0.0237949577             0.0069960364             0.0000000000
         -204.9285956899             0.0240584072             0.0070719685             0.0000000000
         -203.7885956899             0.0243262449             0.0071485887             0.0000000000
         -202.6485956899             0.0245985684             0.0072258488             0.0000000000
         -201.5085956899             0.0248754782             0.0073037643             0.0000000000
         -200.3685956899             0.0251570777             0.0073824333             0.0000000000
         -199.2285956899             0.0254434729             0.0074618310             0.0000000000
         -198.0885956899             0.0257347732             0.0075419365             0.0000000000
         -196.9485956899             0.0260310908             0.0076227664             0.0000000000
         -195.8085956899             0.0263325413             0.0077044658             0.0000000000
         -194.6685956899             0.0266392437             0.0077869326             0.0000000000
         -193.5285956899             0.0269513202             0.0078701801             0.0000000000
         -192.3885956899             0.0272688968             0.0079542615             0.0000000000
         -191.2485956899             0.0275921032             0.0080392703             0.0000000000
         -190.1085956899             0.0279210727             0.0081251192             0.0000000000
         -188.9685956899             0.0282559427             0.0082118271             0.0000000000
         -187.8285956899             0.0285968549             0.0082994963             0.0000000000
         -186.6885956899             0.0289439550             0.0083881413             0.0000000000
         -185.5485956899             0.0292973931             0.0084777095             0.0000000000
         -184.4085956899             0.0296573240             0.0085682211             0.0000000000
         -183.2685956899             0.0300239073             0.0086598366             0.0000000000
         -182.1285956899             0.0303973073             0.0087524755             0.0000000000
         -180.9885956899             0.0307776935             0.0088461274             0.0000000000
         -179.8485956899             0.0311652408             0.0089408314             0.0000000000
         -178.7085956899             0.0315601293             0.0090367648             0.0000000000
         -177.5685956899             0.0319625450             0.0091337853             0.0000000000
         -176.4285956899             0.0323726798             0.0092319165             0.0000000000
         -175.2885956899             0.0327907316             0.0093312579             0.0000000000
         -174.1485956899             0.0332169048             0.0094318907             0.0000000000
         -173.0085956899             0.0336514104             0.0095337148             0.0000000000
         -171.8685956899             0.0340944662             0.0096367560             0.0000000000
         -170.7285956899             0.0345462972             0.0097411858             0.0000000000
         -169.5885956899             0.0350071357             0.0098469691             0.0000000000
         -168.4485956899             0.0354772218             0.0099540578             0.0000000000
         -167.3085956899             0.0359568037             0.0100624801             0.0000000000
         -166.1685956899             0.0364461379             0.0101724924             0.0000000000
         -165.0285956899             0.0369454894             0.0102839205             0.0000000000
         -163.8885956899             0.0374551324             0.0103967792             0.0000000000
         -162.7485956899             0.0379753506             0.0105111563             0.0000000000
         -161.6085956899             0.0385064374             0.0106272375             0.0000000000
         -160.4685956899             0.0390486962             0.0107448539             0.0000000000
         -159.3285956899             0.0396024413             0.0108640391             0.0000000000
         -158.1885956899             0.0401679981             0.0109849698             0.0000000000
         -157.0485956899             0.0407457032             0.0111076902             0.0000000000
         -155.9085956899             0.0413359056             0.0112320949             0.0000000000
         -154.7685956899             0.0419389668             0.0113582209             0.0000000000
         -153.6285956899             0.0425552611             0.0114863509             0.0000000000
         -152.4885956899             0.0431851769             0.0116163588             0.0000000000
         -151.3485956899             0.0438291165             0.0117482163             0.0000000000
         -150.2085956899             0.0444874973             0.0118819848             0.0000000000
         -149.0685956899             0.0451607522             0.0120180113             0.0000000000
         -147.9285956899             0.0458493304             0.0121560268             0.0000000000
         -146.7885956899             0.0465536981             0.0122960758             0.0000000000
         -145.6485956899             0.0472743393             0.0124383313             0.0000000000
         -144.5085956899             0.0480117563             0.0125829680             0.0000000000
         -143.3685956899             0.0487664713             0.0127297939             0.0000000000
         -142.2285956899             0.0495390265             0.0128788589             0.0000000000
         -141.0885956899             0.0503299855             0.0130304694             0.0000000000
         -139.9485956899             0.0511399343             0.0131845907             0.0000000000
         -138.8085956899             0.0519694821             0.0133411255             0.0000000000
         -137.6685956899             0.0528192627             0.0135001298             0.0000000000
         -136.5285956899             0.0536899355             0.0136620698             0.0000000000
         -135.3885956899             0.0545821870             0.0138266570             0.0000000000
         -134.2485956899             0.0554967316             0.0139939099             0.0000000000
         -133.1085956899             0.0564343137             0.0141639821             0.0000000000
         -131.9685956899             0.0573957086             0.0143372595             0.0000000000
         -130.8285956899             0.0583817244             0.0145134179             0.0000000000
         -129.6885956899             0.0593932033             0.0146925270             0.0000000000
         -128.5485956899             0.0604310239             0.0148749106             0.0000000000
         -127.4085956899             0.0614961025             0.0150606962             0.0000000000
         -126.2685956899             0.0625893954             0.0152496764             0.0000000000
         -125.1285956899             0.0637119011             0.0154419301             0.0000000000
         -123.9885956899             0.0648646619             0.0156379879             0.0000000000
         -122.8485956899             0.0660487670             0.0158376587             0.0000000000
         -121.7085956899             0.0672653545             0.0160408807             0.0000000000
         -120.5685956899             0.0685156144             0.0162477621             0.0000000000
         -119.4285956899             0.0698007911             0.0164590287             0.0000000000
         -118.2885956899             0.0711221866             0.0166741538             0.0000000000
         -117.1485956899             0.0724811636             0.0168932372             0.0000000000
         -116.0085956899             0.0738791490             0.0171166077             0.0000000000
         -114.8685956899             0.0753176375             0.0173446718             0.0000000000
         -113.7285956899             0.0767981954             0.0175770466             0.0000000000
         -112.5885956899             0.0783224646             0.0178138469             0.0000000000
         -111.4485956899             0.0798921675             0.0180556733             0.0000000000
         -110.3085956899             0.0815091111             0.0183025305             0.0000000000
         -109.1685956899             0.0831751922             0.0185542192             0.0000000000
         -108.0285956899             0.0848924032             0.0188108717             0.0000000000
         -106.8885956899             0.0866628370             0.0190734239             0.0000000000
         -105.7485956899             0.0884886939             0.0193413770             0.0000000000
         -104.6085956899             0.0903722879             0.0196147640             0.0000000000
         -103.4685956899             0.0923160535             0.0198938922             0.0000000000
         -102.3285956899             0.0943225536             0.0201796498             0.0000000000
         -101.1885956899             0.0963944877             0.0204713691             0.0000000000
         -100.0485956899             0.0985347002             0.0207692231             0.0000000000
          -98.9085956899             0.1007461903             0.0210738849             0.0000000000
          -97.7685956899             0.1030321217             0.0213857325             0.0000000000
          -96.6285956899             0.1053958340             0.0217043317             0.0000000000
          -95.4885956899             0.1078408542             0.0220298850             0.0000000000
          -94.3485956899             0.1103709100             0.0223635265             0.0000000000
          -93.2085956899             0.1129899437             0.0227049771             0.0000000000
          -92.0685956899             0.1157021275             0.0230541072             0.0000000000
          -90.9285956899             0.1185118811             0.0234111556             0.0000000000
          -89.7885956899             0.1214238902             0.0237778374             0.0000000000
          -88.6485956899             0.1244431281             0.0241530295             0.0000000000
          -87.5085956899             0.1275748798             0.0245369981             0.0000000000
          -86.3685956899             0.1308247699             0.0249304814             0.0000000000
          -85.2285956899             0.1341987946             0.0253345650             0.0000000000
          -84.0885956899             0.1377033598             0.0257484061             0.0000000000
          -82.9485956899             0.1413453266             0.0261723299             0.0000000000
          -81.8085956899             0.1451320666             0.0266077290             0.0000000000
          -80.6685956899             0.1490715291             0.0270548229             0.0000000000
          -79.5285956899             0.1531723253             0.0275131755             0.0000000000
          -78.3885956899             0.1574438340             0.0279831782             0.0000000000
          -77.2485956899             0.1618963342             0.0284670736             0.0000000000
          -76.1085956899             0.1665411747             0.0289639290             0.0000000000
          -74.9685956899             0.1713909898             0.0294738586             0.0000000000
          -73.8285956899             0.1764599752             0.0299976363             0.0000000000
          -72.6885956899             0.1817642404             0.0305377241             0.0000000000
          -71.5485956899             0.1873222580             0.0310925517             0.0000000000
          -70.4085956899             0.1931554365             0.0316626816             0.0000000000
          -69.2685956899             0.1992888450             0.0322498700             0.0000000000
          -68.1285956899             0.2057521284             0.0328554518             0.0000000000
          -66.9885956899             0.2125806555             0.0334784250             0.0000000000
          -65.8485956899             0.2198169504             0.0341195076             0.0000000000
          -64.7085956899             0.2275124651             0.0347818192             0.0000000000
          -63.5685956899             0.2357297576             0.0354651365             0.0000000000
          -62.4285956899             0.2445451485             0.0361693055             0.0000000000
          -61.2885956899             0.2540519314             0.0368952998             0.0000000000
          -60.1485956899             0.2643642194             0.0376482266             0.0000000000
          -59.0085956899             0.2756215085             0.0384257086             0.0000000000
          -57.8685956899             0.2879940362             0.0392289129             0.0000000000
          -56.7285956899             0.3016890063             0.0400605336             0.0000000000
          -55.5885956899             0.3169577343             0.0409251134             0.0000000000
          -54.4485956899             0.3341037471             0.0418209096             0.0000000000
          -53.3085956899             0.3534918399             0.0427500662             0.0000000000
          -52.1685956899             0.3755580482             0.0437185831             0.0000000000
          -51.0285956899             0.4008204447             0.0447296131             0.0000000000
          -49.8885956899             0.4298906053             0.0457835042             0.0000000000
          -48.7485956899             0.4634855106             0.0468841288             0.0000000000
          -47.6085956899             0.5024395696             0.0480439347             0.0000000000
          -46.4685956899             0.5477163534             0.0492636367             0.0000000000
          -45.3285956899             0.6004195301             0.0505478294             0.0000000000
          -44.1885956899             0.6618023912             0.0519051318             0.0000000000
          -43.0485956899             0.7332752617             0.0533574449             0.0000000000
          -41.9085956899             0.8164100020             0.0549034110             0.0000000000
          -40.7685956899             0.9129407372             0.0565551080             0.0000000000
          -39.6285956899             1.0247599088             0.0583353213             0.0000000000
          -38.4885956899             1.1539087320             0.0602701119             0.0000000000
          -37.3485956899             1.3025611761             0.0623652491             0.0000000000
          -36.2085956899             1.4730006661             0.0646428339             0.0000000000
          -35.0685956899             1.6675888407             0.0671550280             0.0000000000
          -33.9285956899             1.8887259010             0.0699257500             0.0000000000
          -32.7885956899             2.1388023362             0.0729756608             0.0000000000
          -31.6485956899             2.4201421268             0.0763425377             0.0000000000
          -30.5085956899             2.7349378870             0.0801347901             0.0000000000
          -29.3685956899             3.0851787996             0.0843528763             0.0000000000
          -28.2285956899             3.4725726168             0.0890463038             0.0000000000
          -27.0885956899             3.8984634045             0.0942968397             0.0000000000
          -25.9485956899             4.3637470905             0.1002429444             0.0000000000
          -24.8085956899             4.8687871923             0.1068812905             0.0000000000
          -23.6685956899             5.4133333328             0.1142900626             0.0000000000
          -22.5285956899             5.9964452563             0.1226351459             0.0000000000
          -21.3885956899             6.6164250288             0.1320290462             0.0000000000
          -20.2485956899             7.2707599189             0.1424910121             0.0000000000
          -19.1085956899             7.9560781174             0.1541223746             0.0000000000
          -17.9685956899             8.6681190007             0.1672168231             0.0000000000
          -16.8285956899             9.4017191271             0.1817798810             0.0000000000
          -15.6885956899            10.1508146891             0.1978736977             0.0000000000
          -14.5485956899            10.9084608774             0.2156304722             0.0000000000
          -13.4085956899            11.6668687360             0.2354596530             0.0000000000
          -12.2685956899            12.4174608052             0.2571985434             0.0000000000
          -11.1285956899            13.1509483320             0.2809592591             0.0000000000
           -9.9885956899            13.8574350758             0.3069824982             0.0000000000
           -8.8485956899            14.5265554632             0.3355183877             0.0000000000
           -7.7085956899            15.1476572905             0.3664103703             0.0000000000
           -6.5685956899            15.7100400085             0.3997428217             0.0000000000
           -5.4285956899            16.2032571190             0.4358682752             0.0000000000
           -4.2885956899            16.6174837144             0.4747527816             0.0000000000
           -3.1485956899            16.9439371317             0.5162692479             0.0000000000
           -2.0085956899            17.1753216346             0.5604434229             0.0000000000
           -0.8685956899            17.3062513184             0.6077016360             0.0000000000
            0.2714043101            17.3335953460             0.6576549693             0.0000000000
            1.4114043101            17.2566920358             0.7102201852             0.0000000000
            2.5514043101            17.0773953935             0.7654192803             0.0000000000
            3.6914043101            16.7999458681             0.8234355205             0.0000000000
            4.8314043101            16.4306878991             0.8838027078             0.0000000000
            5.9714043101            15.9776805379             0.9464000799             0.0000000000
            7.1114043101            15.4502575875             1.0112450377             0.0000000000
            8.2514043101            14.8585895979             1.0781725822             0.0000000000
            9.3914043101            14.2132859774             1.1468154790             0.0000000000
           10.5314043101            13.5250578964             1.2169884839             0.0000000000
           11.6714043101            12.8044471381             1.2886422952             0.0000000000
           12.8114043101            12.0616155959             1.3614237755             0.0000000000
           13.9514043101            11.3061851645             1.4350633389             0.0000000000
           15.0914043101            10.5471170815             1.5093480011             0.0000000000
           16.2314043101             9.7926215800             1.5840944770             0.0000000000
           17.3714043101             9.0500914201             1.6589882046             0.0000000000
           18.5114043101             8.3260554284             1.7338160801             0.0000000000
           19.6514043101             7.6261500726             1.8083422574             0.0000000000
           20.7914043101             6.9551082030             1.8822904843             0.0000000000
           21.9314043101             6.3167645023             1.9555059648             0.0000000000
           23.0714043101             5.7140770968             2.0278020804             0.0000000000
           24.2114043101             5.1491643980             2.0988702966             0.0000000000
           25.3514043101             4.6233557386             2.1685435994             0.0000000000
           26.4914043101             4.1372538710             2.2367500487             0.0000000000
           27.6314043101             3.6908069900             2.3033463857             0.0000000000
           28.7714043101             3.2833876755             2.3679174225             0.0000000000
           29.9114043101             2.9138760400             2.4305512359             0.0000000000
           31.0514043101             2.5807443992             2.4911832550             0.0000000000
           32.1914043101             2.2821409568             2.5496622489             0.0000000000
           33.3314043101             2.0159702686             2.6056231943             0.0000000000
           34.4714043101             1.7799686004             2.6593132145             0.0000000000
           35.6114043101             1.5717726942             2.7106737879             0.0000000000
           36.7514043101             1.3889808697             2.7594744501             0.0000000000
           37.8914043101             1.2292057974             2.8056099651             0.0000000000
           39.0314043101             1.0901186589             2.8492916974             0.0000000000
           40.1714043101             0.9694847511             2.8905010198             0.0000000000
           41.3114043101             0.8651908735             2.9289181361             0.0000000000
           42.4514043101             0.7752650688             2.9647236939             0.0000000000
           43.5914043101             0.6978894519             2.9980493440             0.0000000000
           44.7314043101             0.6314069759             3.0289071805             0.0000000000
           45.8714043101             0.5743230383             3.0568941685             0.0000000000
           47.0114043101             0.5253028447             3.0824590383             0.0000000000
           48.1514043101             0.4831654183             3.1056350014             0.0000000000
           49.2914043101             0.4468750876             3.1263456348             0.0000000000
           50.4314043101             0.4155312078             3.1444528951             0.0000000000
           51.5714043101             0.3883567750             3.1602976131             0.0000000000
           52.7114043101             0.3646864974             3.1739253496             0.0000000000
           53.8514043101             0.3439547844             3.1851794999             0.0000000000
           54.9914043101             0.3256840185             3.1941628247             0.0000000000
           56.1314043101             0.3094733839             3.2010970738             0.0000000000
           57.2714043101             0.2949884473             3.2060373793             0.0000000000
           58.4114043101             0.2819516131             3.2087660739             0.0000000000
           59.5514043101             0.2701335208             3.2095771277             0.0000000000
           60.6914043101             0.2593454016             3.2085852351             0.0000000000
           61.8314043101             0.2494323771             3.2058161794             0.0000000000
           62.9714043101             0.2402676552             3.2011155893             0.0000000000
           64.1114043101             0.2317475590             3.1948109913             0.0000000000
           65.2514043101             0.2237873155             3.1869632357             0.0000000000
           66.3914043101             0.2163175216             3.1775347210             0.0000000000
           67.5314043101             0.2092812075             3.1665477453             0.0000000000
           68.6714043101             0.2026314176             3.1542171224             0.0000000000
           69.8114043101             0.1963292333             3.1406024905             0.0000000000
           70.9514043101             0.1903421712             3.1256248170             0.0000000000
           72.0914043101             0.1846428928             3.1094294495             0.0000000000
           73.2314043101             0.1792081736             3.0921418270             0.0000000000
           74.3714043101             0.1740180835             3.0738182599             0.0000000000
           75.5114043101             0.1690553379             3.0543587047             0.0000000000
           76.6514043101             0.1643047884             3.0339817903             0.0000000000
           77.7914043101             0.1597530215             3.0127471258             0.0000000000
           78.9314043101             0.1553880453             2.9906747017             0.0000000000
           80.0714043101             0.1511990441             2.9677558824             0.0000000000
           81.2114043101             0.1471761865             2.9441445263             0.0000000000
           82.3514043101             0.1433104736             2.9198879366             0.0000000000
           83.4914043101             0.1395936213             2.8949817812             0.0000000000
           84.6314043101             0.1360179645             2.8694847040             0.0000000000
           85.7714043101             0.1325763826             2.8434887414             0.0000000000
           86.9114043101             0.1292622371             2.8170352999             0.0000000000
           88.0514043101             0.1260693225             2.7901113996             0.0000000000
           89.1914043101             0.1229918239             2.7628057276             0.0000000000
           90.3314043101             0.1200242822             2.7351692107             0.0000000000
           91.4714043101             0.1171615639             2.7072335117             0.0000000000
           92.6114043101             0.1143988356             2.6790006481             0.0000000000
           93.7514043101             0.1117315406             2.6505485979             0.0000000000
           94.8914043101             0.1091553794             2.6219083201             0.0000000000
           96.0314043101             0.1066662913             2.5931013508             0.0000000000
           97.1714043101             0.1042604379             2.5641555952             0.0000000000
           98.3114043101             0.1019341889             2.5351145653             0.0000000000
           99.4514043101             0.0996841080             2.5060037595             0.0000000000
          100.5914043101             0.0975069408             2.4768451158             0.0000000000
          101.7314043101             0.0953996033             2.4476682710             0.0000000000
          102.8714043101             0.0933591711             2.4184973568             0.0000000000
          104.0114043101             0.0913828699             2.3893529104             0.0000000000
          105.1514043101             0.0894680665             2.3602648939             0.0000000000
          106.2914043101             0.0876122600             2.3312471188             0.0000000000
          107.4314043101             0.0858130741             2.3023160560             0.0000000000
          108.5714043101             0.0840682499             2.2734922196             0.0000000000
          109.7114043101             0.0823756390             2.2448056115             0.0000000000
          110.8514043101             0.0807331971             2.2162554129             0.0000000000
          111.9914043101             0.0791389780             2.1878547769             0.0000000000
          113.1314043101             0.0775911283             2.1596309656             0.0000000000
          114.2714043101             0.0760878819             2.1315985402             0.0000000000
          115.4114043101             0.0746275554             2.1037533185             0.0000000000
          116.5514043101             0.0732085432             2.0761050908             0.0000000000
          117.6914043101             0.0718293137             2.0486919123             0.0000000000
          118.8314043101             0.0704884050             2.0215039317             0.0000000000
          119.9714043101             0.0691844212             1.9945403922             0.0000000000
          121.1114043101             0.0679160288             1.9678104321             0.0000000000
          122.2514043101             0.0666819537             1.9413587629             0.0000000000
          123.3914043101             0.0654809777             1.9151523450             0.0000000000
          124.5314043101             0.0643119360             1.8891963156             0.0000000000
          125.6714043101             0.0631737141             1.8635104420             0.0000000000
          126.8114043101             0.0620652453             1.8381148004             0.0000000000
          127.9514043101             0.0609855084             1.8129830893             0.0000000000
          129.0914043101             0.0599335254             1.7881184670             0.0000000000
          130.2314043101             0.0589083593             1.7635529484             0.0000000000
          131.3714043101             0.0579091119             1.7392785345             0.0000000000
          132.5114043101             0.0569349222             1.7152788849             0.0000000000
          133.6514043101             0.0559849645             1.6915555732             0.0000000000
          134.7914043101             0.0550584464             1.6681534720             0.0000000000
          135.9314043101             0.0541546075             1.6450352310             0.0000000000
          137.0714043101             0.0532727180             1.6221963472             0.0000000000
          138.2114043101             0.0524120769             1.5996457768             0.0000000000
          139.3514043101             0.0515720108             1.5774152367             0.0000000000
          140.4914043101             0.0507518725             1.5554642096             0.0000000000
          141.6314043101             0.0499510402             1.5337922569             0.0000000000
          142.7714043101             0.0491689158             1.5124209472             0.0000000000
          143.9114043101             0.0484049241             1.4913533656             0.0000000000
          145.0514043101             0.0476585119             1.4705620577             0.0000000000
          146.1914043101             0.0469291466             1.4500458086             0.0000000000
          147.3314043101             0.0462163155             1.4298384050             0.0000000000
          148.4714043101             0.0455195252             1.4099152141             0.0000000000
          149.6114043101             0.0448383002             1.3902620660             0.0000000000
          150.7514043101             0.0441721825             1.3708780915             0.0000000000
          151.8914043101             0.0435207309             1.3518057792             0.0000000000
          153.0314043101             0.0428835198             1.3329972124             0.0000000000
          154.1714043101             0.0422601392             1.3144502741             0.0000000000
          155.3114043101             0.0416501934             1.2961762838             0.0000000000
          156.4514043101             0.0410533008             1.2781904077             0.0000000000
          157.5914043101             0.0404690932             1.2604586368             0.0000000000
          158.7314043101             0.0398972153             1.2429785497             0.0000000000
          159.8714043101             0.0393373239             1.2257727607             0.0000000000
          161.0114043101             0.0387890878             1.2088310735             0.0000000000
          162.1514043101             0.0382521871             1.1921327316             0.0000000000
          163.2914043101             0.0377263126             1.1756751195             0.0000000000
          164.4314043101             0.0372111657             1.1594911108             0.0000000000
          165.5714043101             0.0367064577             1.1435473957             0.0000000000
          166.7114043101             0.0362119096             1.1278355811             0.0000000000
          167.8514043101             0.0357272515             1.1123586463             0.0000000000
          168.9914043101             0.0352522224             1.0971415145             0.0000000000
          170.1314043101             0.0347865700             1.0821472524             0.0000000000
          171.2714043101             0.0343300499             1.0673731004             0.0000000000
          172.4114043101             0.0338824257             1.0528322374             0.0000000000
          173.5514043101             0.0334434687             1.0385269064             0.0000000000
          174.6914043101             0.0330129573             1.0244325700             0.0000000000
          175.8314043101             0.0325906769             1.0105464686             0.0000000000
          176.9714043101             0.0321764198             0.9968908792             0.0000000000
          178.1114043101             0.0317699848             0.9834477308             0.0000000000
          179.2514043101             0.0313711767             0.9702037736             0.0000000000
          180.3914043101             0.0309798066             0.9571562889             0.0000000001
          181.5314043101             0.0305956912             0.9443355687             0.0000000001
          182.6714043101             0.0302186529             0.9317055503             0.0000000001
          183.8114043101             0.0298485195             0.9192631484             0.0000000002
          184.9514043101             0.0294851239             0.9070142698             0.0000000004
          186.0914043101             0.0291283041             0.8949705187             0.0000000006
          187.2314043101             0.0287779029             0.8831057303             0.0000000009
          188.3714043101             0.0284337676             0.8714173263             0.0000000014
          189.5114043101             0.0280957503             0.8599192039             0.0000000023
          190.6514043101             0.0277637071             0.8486052693             0.0000000035
          191.7914043101             0.0274374987             0.8374593835             0.0000000055
          192.9314043101             0.0271169893             0.8264790721             0.0000000085
          194.0714043101             0.0268020475             0.8156852270             0.0000000131
          195.2114043101             0.0264925453             0.8050561780             0.0000000201
          196.3514043101             0.0261883587             0.7945847288             0.0000000305
          197.4914043101             0.0258893668             0.7842715093             0.0000000462
          198.6314043101             0.0255954524             0.7741345059             0.0000000695
          199.7714043101             0.0253065014             0.7641474225             0.0000001040
          200.9114043101             0.0250224032             0.7543079903             0.0000001549
          202.0514043101             0.0247430497             0.7446237999             0.0000002293
          203.1914043101             0.0244683364             0.7350975257             0.0000003377
          204.3314043101             0.0241981612             0.7257116209             0.0000004947
          205.4714043101             0.0239324249             0.7164639383             0.0000007206
          206.6114043101             0.0236710312             0.7073681486             0.0000010443
          207.7514043101             0.0234138861             0.6984134824             0.0000015051
          208.8914043101             0.0231608983             0.6895901601             0.0000021576
          210.0314043101             0.0229119789             0.6808961567             0.0000030764
          211.1714043101             0.0226670413             0.6723504153             0.0000043631
          212.3114043101             0.0224260012             0.6639304368             0.0000061549
          213.4514043101             0.0221887766             0.6556333002             0.0000086361
          214.5914043101             0.0219552876             0.6474620173             0.0000120530
          215.7314043101             0.0217254563             0.6394253195             0.0000167322
          216.8714043101             0.0214992069             0.6315052889             0.0000231044
          218.0114043101             0.0212764655             0.6237001120             0.0000317339
          219.1514043101             0.0210571601             0.6160180660             0.0000433554
          220.2914043101             0.0208412206             0.6084563108             0.0000589191
          221.4314043101             0.0206285786             0.6010036190             0.0000796463
          222.5714043101             0.0204191674             0.5936582915             0.0001070967
          223.7114043101             0.0202129221             0.5864331802             0.0001432487
          224.8514043101             0.0200097793             0.5793153348             0.0001905961
          225.9914043101             0.0198096772             0.5722994336             0.0002522606
          227.1314043101             0.0196125556             0.5653852648             0.0003321250
          228.2714043101             0.0194183556             0.5585854975             0.0004349855
          229.4114043101             0.0192270200             0.5518825269             0.0005667267
          230.5514043101             0.0190384928             0.5452748448             0.0007345191
          231.6914043101             0.0188527194             0.5387667872             0.0009470396
          232.8314043101             0.0186696466             0.5323610814             0.0012147141
          233.9714043101             0.0184892223             0.5260458571             0.0015499810
          235.1114043101             0.0183113958             0.5198197062             0.0019675729
          236.2514043101             0.0181361176             0.5136909280             0.0024848119
          237.3914043101             0.0179633394             0.5076535419             0.0031219125
          238.5314043101             0.0177930138             0.5017007444             0.0039022861
          239.6714043101             0.0176250948             0.4958312225             0.0048528355
          240.8114043101             0.0174595373             0.4900567117             0.0060042310
          241.9514043101             0.0172962973             0.4843636363             0.0073911531
          243.0914043101             0.0171353319             0.4787496555             0.0090524883
          244.2314043101             0.0169765991             0.4732162805             0.0110314625
          245.3714043101             0.0168200578             0.4677700052             0.0133756950
          246.5114043101             0.0166656680             0.4623988641             0.0161371561
          247.6514043101             0.0165133905             0.4571016982             0.0193720113
          248.7914043101             0.0163631870             0.4518834484             0.0231403370
          249.9314043101             0.0162150200             0.4467431114             0.0275056935
          251.0714043101             0.0160688530             0.4416730609             0.0325345433
          252.2114043101             0.0159246502             0.4366722177             0.0382955091
          253.3514043101             0.0157823767             0.4317485103             0.0448584669
          254.4914043101             0.0156419981             0.4268943697             0.0522934776
          255.6314043101             0.0155034811             0.4221060019             0.0606695665
          256.7714043101             0.0153667930             0.4173829337             0.0700533639
          257.9114043101             0.0152319018             0.4127340896             0.0805076326
          259.0514043101             0.0150987760             0.4081477673             0.0920897076
          260.1914043101             0.0149673853             0.4036230158             0.1048498865
          261.3314043101             0.0148376994             0.3991623285             0.1188298113
          262.4714043101             0.0147096892             0.3947681741             0.1340608873
          263.6114043101             0.0145833259             0.3904325644             0.1505627900
          264.7514043101             0.0144585814             0.3861546142             0.1683421095
          265.8914043101             0.0143354283             0.3819394136             0.1873911860
          267.0314043101             0.0142138396             0.3777837537             0.2076871836
          268.1714043101             0.0140937890             0.3736829369             0.2291914463
          269.3114043101             0.0139752507             0.3696361390             0.2518491760
          270.4514043101             0.0138581994             0.3656507142             0.2755894598
          271.5914043101             0.0137426104             0.3617184768             0.3003256666
          272.7314043101             0.0136284595             0.3578376367             0.3259562198
          273.8714043101             0.0135157230             0.3540089263             0.3523657416
          275.0114043101             0.0134043776             0.3502371675             0.3794265506
          276.1514043101             0.0132944005             0.3465143244             0.4070004822
          277.2914043101             0.0131857695             0.3428396710             0.4349409899
          278.4314043101             0.0130784627             0.3392161966             0.4630954740
          279.5714043101             0.0129724588             0.3356438107             0.4913077767
          280.7114043101             0.0128677366             0.3321173041             0.5194207756
          281.8514043101             0.0127642757             0.3286360008             0.5472790043
          282.9914043101             0.0126620560             0.3252048684             0.5747312262
          284.1314043101             0.0125610576             0.3218194896             0.6016328927
          285.2714043101             0.0124612613             0.3184771627             0.6278484170
          286.4114043101             0.0123626480             0.3151773718             0.6532532061
          287.5514043101             0.0122651992             0.3119264713             0.6777353991
          288.6914043101             0.0121688966             0.3087165851             0.7011972746
          289.8314043101             0.0120737223             0.3055471172             0.7235562969
          290.9714043101             0.0119796588             0.3024195144             0.7447457906
          292.1114043101             0.0118866889             0.2993358762             0.7647152370
          293.2514043101             0.0117947957             0.2962907580             0.7834302078
          294.3914043101             0.0117039627             0.2932836042             0.8008719539
          295.5314043101             0.0116141737             0.2903175913             0.8170366838
          296.6714043101             0.0115254127             0.2873910535             0.8319345689
          297.8114043101             0.0114376642             0.2845007112             0.8455885239
          298.9514043101             0.0113509128             0.2816460465             0.8580328104
          300.0914043101             0.0112651434             0.2788317550             0.8693115146
          301.2314043101             0.0111803414             0.2760528477             0.8794769527
          302.3714043101             0.0110964922             0.2733079688             0.8885880497
          303.5114043101             0.0110135817             0.2705974441             0.8967087394
          304.6514043101             0.0109315958             0.2679248736             0.9039064246
          305.7914043101             0.0108505210             0.2652847683             0.9102505310
          306.9314043101             0.0107703438             0.2626766705             0.9158111834
          308.0714043101             0.0106910510             0.2601024186             0.9206580238
          309.2114043101             0.0106126296             0.2575623327             0.9248591852
          310.3514043101             0.0105350670             0.2550527961             0.9284804284
          311.4914043101             0.0104583507             0.2525733815             0.9315844426
          312.6314043101             0.0103824683             0.2501272631             0.9342303058
          313.7714043101             0.0103074080             0.2477118525             0.9364730966
          314.9114043101             0.0102331578             0.2453252029             0.9383636450
          316.0514043101             0.0101597062             0.2429669156             0.9399484087
          317.1914043101             0.0100870417             0.2406413412             0.9412694577
          318.3314043101             0.0100151533             0.2383433174             0.9423645507
          319.4714043101             0.0099440297             0.2360723851             0.9432672867
          320.6114043101             0.0098736604             0.2338293893             0.9440073148
          321.7514043101             0.0098040346             0.2316160616             0.9446105870
          322.8914043101             0.0097351419             0.2294286195             0.9450996402
          324.0314043101             0.0096669721             0.2272667095             0.9454938947
          325.1714043101             0.0095995151             0.2251323519             0.9458099585
          326.3114043101             0.0095327611             0.2230247296             0.9460619295
          327.4514043101             0.0094667002             0.2209415126             0.9462616874
          328.5914043101             0.0094013230             0.2188823706             0.9464191710
          329.7314043101             0.0093366200             0.2168503643             0.9465426361
          330.8714043101             0.0092725820             0.2148424105             0.9466388927
          332.0114043101             0.0092092000             0.2128574783             0.9467135195
          333.1514043101             0.0091464650             0.2108956808             0.9467710551
          334.2914043101             0.0090843682             0.2089597312             0.9468151671
          335.4314043101             0.0090229011             0.2070458024             0.9468487992
          336.5714043101             0.0089620552             0.2051536009             0.9468742985
          337.7114043101             0.0089018220             0.2032842749             0.9468935241
          338.8514043101             0.0088421935             0.2014383015             0.9469079390
          339.9914043101             0.0087831616             0.1996131191             0.9469186868
          341.1314043101             0.0087247184             0.1978084529             0.9469266558
          342.2714043101             0.0086668559             0.1960263723             0.9469325317
          343.4114043101             0.0086095667             0.1942653571             0.9469368400
          344.5514043101             0.0085528431             0.1925239817             0.9469399814
          345.6914043101             0.0084966778             0.1908019889             0.9469422593
          346.8314043101             0.0084410634             0.1891022655             0.9469439018
          347.9714043101             0.0083859928             0.1874215110             0.9469450795
          349.1114043101             0.0083314589             0.1857593184             0.9469459193
          350.2514043101             0.0082774547             0.1841161804             0.9469465148
          351.3914043101             0.0082239735             0.1824935063             0.9469469347
          352.5314043101             0.0081710085             0.1808886132             0.9469472292
          353.6714043101             0.0081185530             0.1793012714             0.9469474345
          354.8114043101             0.0080666007             0.1777327888             0.9469475769
          355.9514043101             0.0080151450             0.1761828093             0.9469476751
          357.0914043101             0.0079641797             0.1746496364             0.9469477425
          358.2314043101             0.0079136985             0.1731330308             0.9469477884
          359.3714043101             0.0078636954             0.1716349354             0.9469478195
          360.5114043101             0.0078141643             0.1701532486             0.9469478405
          361.6514043101             0.0077650993             0.1686869088             0.9469478546
          362.7914043101             0.0077164947             0.1672355688             0.9469478640
          363.9314043101             0.0076683446             0.1658007809             0.9469478702
          365.0714043101             0.0076206434             0.1643798254             0.9469478743
          366.2114043101             0.0075733855             0.1629724424             0.9469478770
          367.3514043101             0.0075265656             0.1615792482             0.9469478788
          368.4914043101             0.0074801781             0.1602006900             0.9469478799
          369.6314043101             0.0074342178             0.1588351081             0.9469478807
          370.7714043101             0.0073886795             0.1574823473             0.9469478811
          371.9114043101             0.0073435580             0.1561436538             0.9469478814
          373.0514043101             0.0072988483             0.1548182434             0.9469478816
          374.1914043101             0.0072545453             0.1535051765             0.9469478817
          375.3314043101             0.0072106441             0.1522043176             0.9469478818
          376.4714043101             0.0071671400             0.1509174551             0.9469478819
          377.6114043101             0.0071240281             0.1496426747             0.9469478819
          378.7514043101             0.0070813037             0.1483796832             0.9469478819
          379.8914043101             0.0070389622             0.1471287655             0.9469478819
          381.0314043101             0.0069969991             0.1458909953             0.9469478819
          382.1714043101             0.0069554098             0.1446646335             0.9469478819
          383.3114043101             0.0069141900             0.1434495717             0.9469478819
          384.4514043101             0.0068733352             0.1422466371             0.9469478819
          385.5914043101             0.0068328412             0.1410557767             0.9469478819
          386.7314043101             0.0067927038             0.1398758780             0.9469478819
          387.8714043101             0.0067529187             0.1387068438             0.9469478819
          389.0114043101             0.0067134819             0.1375500023             0.9469478819
          390.1514043101             0.0066743893             0.1364042569             0.9469478819
          391.2914043101             0.0066356370             0.1352690708             0.9469478819
          392.4314043101             0.0065972209             0.1341444347             0.9469478819
          393.5714043101             0.0065591373             0.1330319040             0.9469478819
          394.7114043101             0.0065213822             0.1319296470             0.9469478819
          395.8514043101             0.0064839520             0.1308375804             0.9469478819
          396.9914043101             0.0064468428             0.1297561909             0.9469478819
          398.1314043101             0.0064100512             0.1286859959             0.9469478819
          399.2714043101             0.0063735733             0.1276257247             0.9469478819
          400.4114043101             0.0063374058             0.1265752985             0.9469478819
          401.5514043101             0.0063015450             0.1255356656             0.9469478819
          402.6914043101             0.0062659876             0.1245063721             0.9469478819
          403.8314043101             0.0062307300             0.1234866698             0.9469478819
          404.9714043101             0.0061957691             0.1224764829             0.9469478819
          406.1114043101             0.0061611013             0.1214771889             0.9469478819
          407.2514043101             0.0061267235             0.1204874248             0.9469478819
          408.3914043101             0.0060926325             0.1195069302             0.9469478819
          409.5314043101             0.0060588251             0.1185358993             0.9469478819
          410.6714043101             0.0060252980             0.1175753033             0.9469478819
          411.8114043101             0.0059920484             0.1166237346             0.9469478819
          412.9514043101             0.0059590730             0.1156811201             0.9469478819
          414.0914043101             0.0059263689             0.1147480786             0.9469478819
          415.2314043101             0.0058939331             0.1138246780             0.9469478819
          416.3714043101             0.0058617627             0.1129099922             0.9469478819
          417.5114043101             0.0058298549             0.1120039488             0.9469478819
          418.6514043101             0.0057982067             0.1111075606             0.9469478819
          419.7914043101             0.0057668153             0.1102200524             0.9469478819
          420.9314043101             0.0057356780             0.1093409487             0.9469478819
          422.0714043101             0.0057047921             0.1084701944             0.9469478819
          423.2114043101             0.0056741549             0.1076091160             0.9469478819
          424.3514043101             0.0056437636             0.1067562053             0.9469478819
          425.4914043101             0.0056136157             0.1059113907             0.9469478819
          426.6314043101             0.0055837086             0.1050750070             0.9469478819
          427.7714043101             0.0055540397             0.1042475455             0.9469478819
          428.9114043101             0.0055246066             0.1034279444             0.9469478819
          430.0514043101             0.0054954066             0.1026161326             0.9469478819
          431.1914043101             0.0054664374             0.1018128059             0.9469478819
          432.3314043101             0.0054376965             0.1010176797             0.9469478819
          433.4714043101             0.0054091816             0.1002301093             0.9469478819
          434.6114043101             0.0053808902             0.0994500240             0.9469478819
          435.7514043101             0.0053528202             0.0986784515             0.9469478819
          436.8914043101             0.0053249690             0.0979143910             0.9469478819
          438.0314043101             0.0052973345             0.0971575850             0.9469478819
          439.1714043101             0.0052699145             0.0964081329             0.9469478819
          440.3114043101             0.0052427067             0.0956668586             0.9469478819
          441.4514043101             0.0052157090             0.0949326107             0.9469478819
          442.5914043101             0.0051889191             0.0942053206             0.9469478819
          443.7314043101             0.0051623350             0.0934854172             0.9469478819
          444.8714043101             0.0051359546             0.0927730161             0.9469478819
          446.0114043101             0.0051097758             0.0920673492             0.9469478819
          447.1514043101             0.0050837965             0.0913683495             0.9469478819
          448.2914043101             0.0050580147             0.0906767477             0.9469478819
          449.4314043101             0.0050324285             0.0899920080             0.9469478819
          450.5714043101             0.0050070357             0.0893137172             0.9469478819
          451.7114043101             0.0049818346             0.0886418099             0.9469478819
          452.8514043101             0.0049568232             0.0879772922             0.9469478819
          453.9914043101             0.0049319996             0.0873190324             0.9469478819
          455.1314043101             0.0049073619             0.0866669438             0.9469478819
          456.2714043101             0.0048829082             0.0860212380             0.9469478819
          457.4114043101             0.0048586368             0.0853822963             0.9469478819
