# Energy loss (meV)	Quasi-elastic (arb. units)	Magnetic excitations (arb. units)	dd excitations (arb. units)
         -226.3534122127             0.0077545748             0.0040934733             0.0000000000
         -225.2134122127             0.0078327809             0.0041470396             0.0000000000
         -224.0734122127             0.0079121735             0.0042008040             0.0000000000
         -222.9334122127             0.0079927767             0.0042547734             0.0000000000
         -221.7934122127             0.0080746152             0.0043089663             0.0000000000
         -220.6534122127             0.0081577142             0.0043634083             0.0000000000
         -219.5134122127             0.0082420998             0.0044180805             0.0000000000
         -218.3734122127             0.0083277986             0.0044729908             0.0000000000
         -217.2334122127             0.0084148379             0.0045281725             0.0000000000
         -216.0934122127             0.0085032457             0.0045836305             0.0000000000
         -214.9534122127             0.0085930508             0.0046393543             0.0000000000
         -213.8134122127             0.0086842828             0.0046953528             0.0000000000
         -212.6734122127             0.0087769720             0.0047516783             0.0000000000
         -211.5334122127             0.0088711495             0.0048083073             0.0000000000
         -210.3934122127             0.0089668472             0.0048652414             0.0000000000
         -209.2534122127             0.0090640979             0.0049224972             0.0000000000
         -208.1134122127             0.0091629354             0.0049801291             0.0000000000
         -206.9734122127             0.0092633943             0.0050380983             0.0000000000
         -205.8334122127             0.0093655101             0.0050964152             0.0000000000
         -204.6934122127             0.0094693195             0.0051551162             0.0000000000
         -203.5534122127             0.0095748599             0.0052142263             0.0000000000
         -202.4134122127             0.0096821699             0.0052737188             0.0000000000
         -201.2734122127             0.0097912893             0.0053336046             0.0000000000
         -200.1334122127             0.0099022587             0.0053939448             0.0000000000
         -198.9934122127             0.0100151203             0.0054547264             0.0000000000
         -197.8534122127             0.0101299171             0.0055159387             0.0000000000
         -196.7134122127             0.0102466934             0.0055775933             0.0000000000
         -195.5734122127             0.0103654950             0.0056397812             0.0000000000
         -194.4334122127             0.0104863687             0.0057024416             0.0000000000
         -193.2934122127             0.0106093630             0.0057655843             0.0000000000
         -192.1534122127             0.0107345276             0.0058292441             0.0000000000
         -191.0134122127             0.0108619136             0.0058934808             0.0000000000
         -189.8734122127             0.0109915739             0.0059582420             0.0000000000
         -188.7334122127             0.0111235626             0.0060235408             0.0000000000
         -187.5934122127             0.0112579358             0.0060894433             0.0000000000
         -186.4534122127             0.0113947509             0.0061559603             0.0000000000
         -185.3134122127             0.0115340675             0.0062230601             0.0000000000
         -184.1734122127             0.0116759465             0.0062907570             0.0000000000
         -183.0334122127             0.0118204510             0.0063591543             0.0000000000
         -181.8934122127             0.0119676461             0.0064282025             0.0000000000
         -180.7534122127             0.0121175986             0.0064978963             0.0000000000
         -179.6134122127             0.0122703778             0.0065682620             0.0000000000
         -178.4734122127             0.0124260547             0.0066394143             0.0000000000
         -177.3334122127             0.0125847029             0.0067112637             0.0000000000
         -176.1934122127             0.0127463982             0.0067838263             0.0000000000
         -175.0534122127             0.0129112189             0.0068571675             0.0000000000
         -173.9134122127             0.0130792458             0.0069313405             0.0000000000
         -172.7734122127             0.0132505622             0.0070062823             0.0000000000
         -171.6334122127             0.0134252543             0.0070820103             0.0000000000
         -170.4934122127             0.0136034110             0.0071586366             0.0000000000
         -169.3534122127             0.0137851242             0.0072361394             0.0000000000
         -168.2134122127             0.0139704887             0.0073144887             0.0000000000
         -167.0734122127             0.0141596028             0.0073937034             0.0000000000
         -165.9334122127             0.0143525677             0.0074739510             0.0000000000
         -164.7934122127             0.0145494885             0.0075551192             0.0000000000
         -163.6534122127             0.0147504734             0.0076372183             0.0000000000
         -162.5134122127             0.0149556346             0.0077203060             0.0000000000
         -161.3734122127             0.0151650881             0.0078045041             0.0000000000
         -160.2334122127             0.0153789541             0.0078897031             0.0000000000
         -159.0934122127             0.0155973567             0.0079759254             0.0000000000
         -157.9534122127             0.0158204247             0.0080632867             0.0000000000
         -156.8134122127             0.0160482912             0.0081518164             0.0000000000
         -155.6734122127             0.0162810943             0.0082414461             0.0000000000
         -154.5334122127             0.0165189770             0.0083322002             0.0000000000
         -153.3934122127             0.0167620873             0.0084242637             0.0000000000
         -152.2534122127             0.0170105789             0.0085175542             0.0000000000
         -151.1134122127             0.0172646110             0.0086120536             0.0000000000
         -149.9734122127             0.0175243488             0.0087078019             0.0000000000
         -148.8334122127             0.0177899635             0.0088050261             0.0000000000
         -147.6934122127             0.0180616329             0.0089035502             0.0000000000
         -146.5534122127             0.0183395415             0.0090034033             0.0000000000
         -145.4134122127             0.0186238807             0.0091046981             0.0000000000
         -144.2734122127             0.0189148496             0.0092075486             0.0000000000
         -143.1334122127             0.0192126546             0.0093118289             0.0000000000
         -141.9934122127             0.0195175104             0.0094175714             0.0000000000
         -140.8534122127             0.0198296402             0.0095249756             0.0000000000
         -139.7134122127             0.0201492759             0.0096340182             0.0000000000
         -138.5734122127             0.0204766587             0.0097446352             0.0000000000
         -137.4334122127             0.0208120395             0.0098568625             0.0000000000
         -136.2934122127             0.0211556795             0.0099710032             0.0000000000
         -135.1534122127             0.0215078503             0.0100868682             0.0000000000
         -134.0134122127             0.0218688351             0.0102044689             0.0000000000
         -132.8734122127             0.0222389285             0.0103239043             0.0000000000
         -131.7334122127             0.0226184375             0.0104454240             0.0000000000
         -130.5934122127             0.0230076823             0.0105688161             0.0000000000
         -129.4534122127             0.0234069966             0.0106941247             0.0000000000
         -128.3134122127             0.0238167282             0.0108215587             0.0000000000
         -127.1734122127             0.0242372402             0.0109511990             0.0000000000
         -126.0334122127             0.0246689116             0.0110829096             0.0000000000
         -124.8934122127             0.0251121378             0.0112167401             0.0000000000
         -123.7534122127             0.0255673319             0.0113530320             0.0000000000
         -122.6134122127             0.0260349256             0.0114916597             0.0000000000
         -121.4734122127             0.0265153699             0.0116325810             0.0000000000
         -120.3334122127             0.0270091364             0.0117758641             0.0000000000
         -119.1934122127             0.0275167183             0.0119219744             0.0000000000
         -118.0534122127             0.0280386318             0.0120705700             0.0000000000
         -116.9134122127             0.0285754171             0.0122217127             0.0000000000
         -115.7734122127             0.0291276399             0.0123756113             0.0000000000
         -114.6334122127             0.0296958929             0.0125325238             0.0000000000
         -113.4934122127             0.0302807970             0.0126922015             0.0000000000
         -112.3534122127             0.0308830036             0.0128547149             0.0000000000
         -111.2134122127             0.0315031956             0.0130204453             0.0000000000
         -110.0734122127             0.0321420898             0.0131893918             0.0000000000
         -108.9334122127             0.0328004387             0.0133614234             0.0000000000
         -107.7934122127             0.0334790325             0.0135366211             0.0000000000
         -106.6534122127             0.0341787017             0.0137155770             0.0000000000
         -105.5134122127             0.0349003194             0.0138979686             0.0000000000
         -104.3734122127             0.0356448037             0.0140838130             0.0000000000
         -103.2334122127             0.0364131209             0.0142733008             0.0000000000
         -102.0934122127             0.0372062882             0.0144669897             0.0000000000
         -100.9534122127             0.0380253772             0.0146644512             0.0000000000
          -99.8134122127             0.0388715170             0.0148657899             0.0000000000
          -98.6734122127             0.0397458985             0.0150714251             0.0000000000
          -97.5334122127             0.0406497780             0.0152815887             0.0000000000
          -96.3934122127             0.0415844816             0.0154960006             0.0000000000
          -95.2534122127             0.0425514104             0.0157147824             0.0000000000
          -94.1134122127             0.0435520450             0.0159386386             0.0000000000
          -92.9734122127             0.0445879517             0.0161673863             0.0000000000
          -91.8334122127             0.0456607884             0.0164009371             0.0000000000
          -90.6934122127             0.0467723117             0.0166394330             0.0000000000
          -89.5534122127             0.0479243842             0.0168839347             0.0000000000
          -88.4134122127             0.0491189834             0.0171337328             0.0000000000
          -87.2734122127             0.0503582113             0.0173889846             0.0000000000
          -86.1334122127             0.0516443056             0.0176501389             0.0000000000
          -84.9934122127             0.0529796529             0.0179178573             0.0000000000
          -83.8534122127             0.0543668043             0.0181916070             0.0000000000
          -82.7134122127             0.0558084934             0.0184715788             0.0000000000
          -81.5734122127             0.0573076595             0.0187586189             0.0000000000
          -80.4334122127             0.0588674751             0.0190528487             0.0000000000
          -79.2934122127             0.0604913802             0.0193539873             0.0000000000
          -78.1534122127             0.0621831261             0.0196622620             0.0000000000
          -77.0134122127             0.0639468301             0.0199790292             0.0000000000
          -75.8734122127             0.0657870455             0.0203037022             0.0000000000
          -74.7334122127             0.0677088503             0.0206363353             0.0000000000
          -73.5934122127             0.0697179620             0.0209773829             0.0000000000
          -72.4534122127             0.0718208823             0.0213283188             0.0000000000
          -71.3134122127             0.0740250831             0.0216881702             0.0000000000
          -70.1734122127             0.0763392424             0.0220572580             0.0000000000
          -69.0334122127             0.0787735437             0.0224366180             0.0000000000
          -67.8934122127             0.0813400517             0.0228270257             0.0000000000
          -66.7534122127             0.0840531857             0.0232278516             0.0000000000
          -65.6134122127             0.0869303062             0.0236394985             0.0000000000
          -64.4734122127             0.0899924425             0.0240637922             0.0000000000
          -63.3334122127             0.0932651841             0.0245005589             0.0000000000
          -62.1934122127             0.0967797662             0.0249496660             0.0000000000
          -61.0534122127             0.1005743795             0.0254116459             0.0000000000
          -59.9134122127             0.1046957363             0.0258894428             0.0000000000
          -58.7734122127             0.1092009241             0.0263815923             0.0000000000
          -57.6334122127             0.1141595786             0.0268887075             0.0000000000
          -56.4934122127             0.1196564005             0.0274122684             0.0000000000
          -55.3534122127             0.1257940388             0.0279547833             0.0000000000
          -54.2134122127             0.1326963491             0.0285151255             0.0000000000
          -53.0734122127             0.1405120265             0.0290943894             0.0000000000
          -51.9334122127             0.1494185919             0.0296957964             0.0000000000
          -50.7934122127             0.1596266924             0.0303209027             0.0000000000
          -49.6534122127             0.1713846475             0.0309696788             0.0000000000
          -48.5134122127             0.1849831443             0.0316440262             0.0000000000
          -47.3734122127             0.2007599501             0.0323504047             0.0000000000
          -46.2334122127             0.2191044731             0.0330888385             0.0000000000
          -45.0934122127             0.2404619633             0.0338614276             0.0000000000
          -43.9534122127             0.2653371063             0.0346723420             0.0000000000
          -42.8134122127             0.2942967240             0.0355325005             0.0000000000
          -41.6734122127             0.3279712651             0.0364406750             0.0000000000
          -40.5334122127             0.3670547425             0.0374025648             0.0000000000
          -39.3934122127             0.4123027584             0.0384291493             0.0000000000
          -38.2534122127             0.4645282601             0.0395328541             0.0000000000
          -37.1134122127             0.5245946836             0.0407159236             0.0000000000
          -35.9734122127             0.5934061800             0.0419887097             0.0000000000
          -34.8334122127             0.6718946772             0.0433761209             0.0000000000
          -33.6934122127             0.7610036137             0.0448891249             0.0000000000
          -32.5534122127             0.8616682830             0.0465371321             0.0000000000
          -31.4134122127             0.9747928567             0.0483378400             0.0000000000
          -30.2734122127             1.1012242978             0.0503427498             0.0000000000
          -29.1334122127             1.2417235341             0.0525515033             0.0000000000
          -27.9934122127             1.3969344236             0.0549873542             0.0000000000
          -26.8534122127             1.5673512041             0.0576889682             0.0000000000
          -25.7134122127             1.7532852632             0.0607220382             0.0000000000
          -24.5734122127             1.9548321846             0.0640847968             0.0000000000
          -23.4334122127             2.1718401070             0.0678144569             0.0000000000
          -22.2934122127             2.4038804633             0.0719901821             0.0000000000
          -21.1534122127             2.6502221443             0.0766659831             0.0000000000
          -20.0134122127             2.9098100439             0.0818516556             0.0000000000
          -18.8734122127             3.1812488000             0.0875964020             0.0000000000
          -17.7334122127             3.4627923601             0.0940421042             0.0000000000
          -16.5934122127             3.7523397970             0.1011932003             0.0000000000
          -15.4534122127             4.0474376284             0.1090815675             0.0000000000
          -14.3134122127             4.3452888142             0.1177733315             0.0000000000
          -13.1734122127             4.6427686956             0.1274702832             0.0000000000
          -12.0334122127             4.9364484791             0.1380976567             0.0000000000
          -10.8934122127             5.2226275165             0.1497144360             0.0000000000
           -9.7534122127             5.4973765666             0.1624442135             0.0000000000
           -8.6134122127             5.7565953061             0.1764177364             0.0000000000
           -7.4734122127             5.9960882331             0.1915654887             0.0000000000
           -6.3334122127             6.2116632270             0.2079379130             0.0000000000
           -5.1934122127             6.3992556806             0.2257238692             0.0000000000
           -4.0534122127             6.5550777293             0.2449198137             0.0000000000
           -2.9134122127             6.6757865565             0.2654748210             0.0000000000
           -1.7734122127             6.7586589152             0.2874172416             0.0000000000
           -0.6334122127             6.8017527608             0.3109924985             0.0000000000
            0.5065877873             6.8040337827             0.3360178512             0.0000000000
            1.6465877873             6.7654467555             0.3624718981             0.0000000000
            2.7865877873             6.6869194271             0.3903944814             0.0000000000
            3.9265877873             6.5702982565             0.4199263951             0.0000000000
            5.0665877873             6.4182271247             0.4508397809             0.0000000000
            6.2065877873             6.2339884974             0.4831026899             0.0000000000
            7.3465877873             6.0213292991             0.5167773720             0.0000000000
            8.4865877873             5.7842911518             0.5518226271             0.0000000000
            9.6265877873             5.5270586077             0.5880607565             0.0000000000
           10.7665877873             5.2538321162             0.6254309090             0.0000000000
           11.9065877873             4.9687267216             0.6639963788             0.0000000000
           13.0465877873             4.6756938396             0.7035837552             0.0000000000
           14.1865877873             4.3784619168             0.7440710526             0.0000000000
           15.3265877873             4.0804917645             0.7853842205             0.0000000000
           16.4665877873             3.7849431846             0.8275539694             0.0000000000
           17.6065877873             3.4946505836             0.8703632585             0.0000000000
           18.7465877873             3.2121062335             0.9137311639             0.0000000000
           19.8865877873             2.9394505186             0.9575976339             0.0000000000
           21.0265877873             2.6784688815             1.0018936130             0.0000000000
           22.1665877873             2.4305952940             1.0464847995             0.0000000000
           23.3065877873             2.1969220138             1.0912940098             0.0000000000
           24.4465877873             1.9782152227             1.1362525344             0.0000000000
           25.5865877873             1.7749359404             1.1812683950             0.0000000000
           26.7265877873             1.5872654192             1.2262623277             0.0000000000
           27.8665877873             1.4151340734             1.2711667333             0.0000000000
           29.0065877873             1.2582529092             1.3158834951             0.0000000000
           30.1465877873             1.1161463847             1.3603616348             0.0000000000
           31.2865877873             0.9881856575             1.4045462540             0.0000000000
           32.4265877873             0.8736212554             1.4483705985             0.0000000000
           33.5665877873             0.7716143158             1.4917220366             0.0000000000
           34.7065877873             0.6812656881             1.5346048020             0.0000000000
           35.8465877873             0.6016423458             1.5769711798             0.0000000000
           36.9865877873             0.5318007231             1.6187300266             0.0000000000
           38.1265877873             0.4708067452             1.6598143587             0.0000000000
           39.2665877873             0.4177524714             1.7002408644             0.0000000000
           40.4065877873             0.3717693970             1.7399710686             0.0000000000
           41.5465877873             0.3320385679             1.7788727207             0.0000000000
           42.6865877873             0.2977977475             1.8169591092             0.0000000000
           43.8265877873             0.2683459351             1.8542350013             0.0000000000
           44.9665877873             0.2430455753             1.8906692530             0.0000000000
           46.1065877873             0.2213228162             1.9260761732             0.0000000000
           47.2465877873             0.2026661738             1.9605742146             0.0000000000
           48.3865877873             0.1866239498             1.9941382364             0.0000000000
           49.5265877873             0.1728007224             2.0266961193             0.0000000000
           50.6665877873             0.1608532001             2.0581415090             0.0000000000
           51.8065877873             0.1504856900             2.0885750935             0.0000000000
           52.9465877873             0.1414453930             2.1179760576             0.0000000000
           54.0865877873             0.1335176993             2.1462210263             0.0000000000
           55.2265877873             0.1265216204             2.1733080006             0.0000000000
           56.3665877873             0.1203054578             2.1993028232             0.0000000000
           57.5065877873             0.1147427788             2.2241902415             0.0000000000
           58.6465877873             0.1097287432             2.2477906753             0.0000000000
           59.7865877873             0.1051768028             2.2702213533             0.0000000000
           60.9265877873             0.1010157770             2.2915039254             0.0000000000
           62.0665877873             0.0971872958             2.3116053060             0.0000000000
           63.2065877873             0.0936435899             2.3303598760             0.0000000000
           64.3465877873             0.0903456030             2.3479408617             0.0000000000
           65.4865877873             0.0872613952             2.3643436577             0.0000000000
           66.6265877873             0.0843648066             2.3794828909             0.0000000000
           67.7665877873             0.0816343478             2.3933143311             0.0000000000
           68.9065877873             0.0790522888             2.4059628384             0.0000000000
           70.0465877873             0.0766039147             2.4174301674             0.0000000000
           71.1865877873             0.0742769239             2.4275803547             0.0000000000
           72.3265877873             0.0720609440             2.4364927970             0.0000000000
           73.4665877873             0.0699471456             2.4442403183             0.0000000000
           74.6065877873             0.0679279352             2.4508309603             0.0000000000
           75.7465877873             0.0659967131             2.4560834417             0.0000000000
           76.8865877873             0.0641476826             2.4601947702             0.0000000000
           78.0265877873             0.0623757006             2.4631856762             0.0000000000
           79.1665877873             0.0606761602             2.4650242150             0.0000000000
           80.3065877873             0.0590448995             2.4656297861             0.0000000000
           81.4465877873             0.0574781294             2.4651656220             0.0000000000
           82.5865877873             0.0559723774             2.4636496828             0.0000000000
           83.7265877873             0.0545244433             2.4610087517             0.0000000000
           84.8665877873             0.0531313634             2.4572754216             0.0000000000
           86.0065877873             0.0517903822             2.4525571229             0.0000000000
           87.1465877873             0.0504989294             2.4468761950             0.0000000000
           88.2865877873             0.0492546008             2.4401273851             0.0000000000
           89.4265877873             0.0480551430             2.4324382055             0.0000000000
           90.5665877873             0.0468984394             2.4238658297             0.0000000000
           91.7065877873             0.0457824991             2.4144236656             0.0000000000
           92.8465877873             0.0447054472             2.4040217416             0.0000000000
           93.9865877873             0.0436655158             2.3928230600             0.0000000000
           95.1265877873             0.0426610362             2.3808548568             0.0000000000
           96.2665877873             0.0416904325             2.3680992872             0.0000000000
           97.4065877873             0.0407522145             2.3545563908             0.0000000000
           98.5465877873             0.0398449727             2.3403359375             0.0000000000
           99.6865877873             0.0389673729             2.3254662233             0.0000000000
          100.8265877873             0.0381181512             2.3099088309             0.0000000000
          101.9665877873             0.0372961098             2.2937293402             0.0000000000
          103.1065877873             0.0365001127             2.2769941212             0.0000000000
          104.2465877873             0.0357290822             2.2597313847             0.0000000000
          105.3865877873             0.0349819952             2.2418927408             0.0000000000
          106.5265877873             0.0342578798             2.2235843882             0.0000000000
          107.6665877873             0.0335558128             2.2048400662             0.0000000000
          108.8065877873             0.0328749162             2.1856730928             0.0000000000
          109.9465877873             0.0322143549             2.1660763559             0.0000000000
          111.0865877873             0.0315733342             2.1461316446             0.0000000000
          112.2265877873             0.0309510977             2.1258647144             0.0000000000
          113.3665877873             0.0303469246             2.1052776939             0.0000000000
          114.5065877873             0.0297601283             2.0843997324             0.0000000000
          115.6465877873             0.0291900542             2.0632808325             0.0000000000
          116.7865877873             0.0286360778             2.0419444315             0.0000000000
          117.9265877873             0.0280976036             2.0203902388             0.0000000000
          119.0665877873             0.0275740628             1.9986624397             0.0000000000
          120.2065877873             0.0270649124             1.9767900353             0.0000000000
          121.3465877873             0.0265696337             1.9547928326             0.0000000000
          122.4865877873             0.0260877311             1.9326781024             0.0000000000
          123.6265877873             0.0256187304             1.9104845520             0.0000000000
          124.7665877873             0.0251621785             1.8882306686             0.0000000000
          125.9065877873             0.0247176416             1.8659328908             0.0000000000
          127.0465877873             0.0242847047             1.8436102406             0.0000000000
          128.1865877873             0.0238629702             1.8212833853             0.0000000000
          129.3265877873             0.0234520575             1.7989678771             0.0000000000
          130.4665877873             0.0230516018             1.7766830405             0.0000000000
          131.6065877873             0.0226612535             1.7544447197             0.0000000000
          132.7465877873             0.0222806774             1.7322642792             0.0000000000
          133.8865877873             0.0219095520             1.7101544225             0.0000000000
          135.0265877873             0.0215475687             1.6881419906             0.0000000000
          136.1665877873             0.0211944315             1.6662284723             0.0000000000
          137.3065877873             0.0208498561             1.6444229489             0.0000000000
          138.4465877873             0.0205135696             1.6227394351             0.0000000000
          139.5865877873             0.0201853096             1.6012035173             0.0000000000
          140.7265877873             0.0198648241             1.5798065172             0.0000000000
          141.8665877873             0.0195518710             1.5585566040             0.0000000000
          143.0065877873             0.0192462171             1.5374744212             0.0000000000
          144.1465877873             0.0189476384             1.5165709592             0.0000000000
          145.2865877873             0.0186559194             1.4958378425             0.0000000000
          146.4265877873             0.0183708526             1.4752810681             0.0000000000
          147.5665877873             0.0180922382             1.4549303579             0.0000000000
          148.7065877873             0.0178198840             1.4347764068             0.0000000000
          149.8465877873             0.0175536046             1.4148153844             0.0000000000
          150.9865877873             0.0172932216             1.3950521170             0.0000000000
          152.1265877873             0.0170385630             1.3755246731             0.0000000000
          153.2665877873             0.0167894630             1.3562023167             0.0000000000
          154.4065877873             0.0165457617             1.3370879440             0.0000000000
          155.5465877873             0.0163073049             1.3181953277             0.0000000000
          156.6865877873             0.0160739438             1.2995419229             0.0000000000
          157.8265877873             0.0158455350             1.2811037484             0.0000000000
          158.9665877873             0.0156219399             1.2628823561             0.0000000000
          160.1065877873             0.0154030247             1.2449013320             0.0000000000
          161.2465877873             0.0151886602             1.2271556016             0.0000000000
          162.3865877873             0.0149787218             1.2096299027             0.0000000000
          163.5265877873             0.0147730889             1.1923247059             0.0000000000
          164.6665877873             0.0145716450             1.1752735959             0.0000000000
          165.8065877873             0.0143742776             1.1584485497             0.0000000000
          166.9465877873             0.0141808778             1.1418440792             0.0000000000
          168.0865877873             0.0139913404             1.1254653446             0.0000000000
          169.2265877873             0.0138055636             1.1093390016             0.0000000000
          170.3665877873             0.0136234490             1.0934313649             0.0000000000
          171.5065877873             0.0134449012             1.0777415402             0.0000000000
          172.6465877873             0.0132698281             1.0622845324             0.0000000000
          173.7865877873             0.0130981405             1.0470645485             0.0000000000
          174.9265877873             0.0129297518             1.0320585248             0.0000000001
          176.0665877873             0.0127645785             1.0172650519             0.0000000001
          177.2065877873             0.0126025393             1.0027084901             0.0000000002
          178.3465877873             0.0124435559             0.9883716993             0.0000000003
          179.4865877873             0.0122875521             0.9742421568             0.0000000005
          180.6265877873             0.0121344542             0.9603180840             0.0000000008
          181.7665877873             0.0119841907             0.9466324702             0.0000000013
          182.9065877873             0.0118366922             0.9331484316             0.0000000021
          184.0465877873             0.0116918916             0.9198635462             0.0000000033
          185.1865877873             0.0115497236             0.9067849396             0.0000000051
          186.3265877873             0.0114101251             0.8939258984             0.0000000079
          187.4665877873             0.0112730346             0.8812591592             0.0000000121
          188.6065877873             0.0111383926             0.8687825657             0.0000000186
          189.7465877873             0.0110061414             0.8565117782             0.0000000283
          190.8865877873             0.0108762249             0.8444408376             0.0000000428
          192.0265877873             0.0107485884             0.8325527492             0.0000000645
          193.1665877873             0.0106231793             0.8208452603             0.0000000966
          194.3065877873             0.0104999461             0.8093416782             0.0000001439
          195.4465877873             0.0103788388             0.7980187342             0.0000002133
          196.5865877873             0.0102598090             0.7868688840             0.0000003144
          197.7265877873             0.0101428097             0.7758931364             0.0000004608
          198.8665877873             0.0100277949             0.7651116434             0.0000006718
          200.0065877873             0.0099147202             0.7544956982             0.0000009743
          201.1465877873             0.0098035423             0.7440430176             0.0000014053
          202.2865877873             0.0096942192             0.7337622230             0.0000020161
          203.4265877873             0.0095867099             0.7236564963             0.0000028768
          204.5665877873             0.0094809745             0.7137065574             0.0000040831
          205.7065877873             0.0093769745             0.7039101615             0.0000057643
          206.8465877873             0.0092746721             0.6942826434             0.0000080942
          207.9865877873             0.0091740306             0.6848121533             0.0000113052
          209.1265877873             0.0090750145             0.6754879026             0.0000157060
          210.2665877873             0.0089775889             0.6663077114             0.0000217038
          211.4065877873             0.0088817200             0.6572927630             0.0000298326
          212.5465877873             0.0087873750             0.6484180377             0.0000407885
          213.6865877873             0.0086945219             0.6396803157             0.0000554724
          214.8265877873             0.0086031293             0.6310829852             0.0000750434
          215.9665877873             0.0085131669             0.6226358082             0.0001009830
          217.1065877873             0.0084246050             0.6143188029             0.0001351723
          218.2465877873             0.0083374149             0.6061299456             0.0001799845
          219.3865877873             0.0082515683             0.5980784622             0.0002383934
          220.5265877873             0.0081670380             0.5901611659             0.0003141011
          221.6665877873             0.0080837971             0.5823655092             0.0004116850
          222.8065877873             0.0080018197             0.5746895698             0.0005367669
          223.9465877873             0.0079210803             0.5671476365             0.0006962035
          225.0865877873             0.0078415542             0.5597252295             0.0008983003
          226.2265877873             0.0077632172             0.5524163750             0.0011530470
          227.3665877873             0.0076860459             0.5452207899             0.0014723738
          228.5065877873             0.0076100173             0.5381525138             0.0018704257
          229.6465877873             0.0075351089             0.5311918954             0.0023638515
          230.7865877873             0.0074612989             0.5243372008             0.0029721009
          231.9265877873             0.0073885659             0.5175931837             0.0037177236
          233.0665877873             0.0073168892             0.5109627973             0.0046266617
          234.2065877873             0.0072462485             0.5044327934             0.0057285235
          235.3465877873             0.0071766239             0.4980015445             0.0070568280
          236.4865877873             0.0071079960             0.4916781700             0.0086492047
          237.6265877873             0.0070403460             0.4854559628             0.0105475346
          238.7665877873             0.0069736554             0.4793273180             0.0127980150
          239.9065877873             0.0069079062             0.4732907126             0.0154511323
          241.0465877873             0.0068430807             0.4673590233             0.0185615260
          242.1865877873             0.0067791619             0.4615171758             0.0221877276
          243.3265877873             0.0067161328             0.4557625142             0.0263917615
          244.4665877873             0.0066539771             0.4500966260             0.0312385955
          245.6065877873             0.0065926787             0.4445265689             0.0367954340
          246.7465877873             0.0065322220             0.4390390956             0.0431308491
          247.8865877873             0.0064725917             0.4336328589             0.0503137530
          249.0265877873             0.0064137728             0.4283131988             0.0584122181
          250.1665877873             0.0063557507             0.4230789250             0.0674921598
          251.3065877873             0.0062985110             0.4179216007             0.0776159020
          252.4465877873             0.0062420398             0.4128399718             0.0888406547
          253.5865877873             0.0061863235             0.4078426185             0.1012169358
          254.7265877873             0.0061313485             0.4029211870             0.1147869788
          255.8665877873             0.0060771020             0.3980714625             0.1295831710
          257.0065877873             0.0060235710             0.3932928573             0.1456265701
          258.1465877873             0.0059707431             0.3885949981             0.1629255499
          259.2865877873             0.0059186060             0.3839650753             0.1814746255
          260.4265877873             0.0058671478             0.3794019868             0.2012535074
          261.5665877873             0.0058163567             0.3749083635             0.2222264264
          262.7065877873             0.0057662213             0.3704867976             0.2443417706
          263.8465877873             0.0057167303             0.3661285641             0.2675320622
          264.9865877873             0.0056678728             0.3618326401             0.2917142948
          266.1265877873             0.0056196380             0.3576044472             0.3167906412
          267.2665877873             0.0055720155             0.3534404456             0.3426495268
          268.4065877873             0.0055249948             0.3493355030             0.3691670547
          269.5465877873             0.0054785660             0.3452886702             0.3962087516
          270.6865877873             0.0054327191             0.3413077780             0.4236315979
          271.8265877873             0.0053874444             0.3373839616             0.4512862882
          272.9665877873             0.0053427326             0.3335152396             0.4790196648
          274.1065877873             0.0052985743             0.3297023349             0.5066772577
          275.2465877873             0.0052549604             0.3259503360             0.5341058608
          276.3865877873             0.0052118820             0.3222505852             0.5611560734
          277.5265877873             0.0051693305             0.3186022513             0.5876847359
          278.6665877873             0.0051272972             0.3150084603             0.6135571949
          279.8065877873             0.0050857739             0.3114690494             0.6386493372
          280.9465877873             0.0050447522             0.3079784161             0.6628493422
          282.0865877873             0.0050042242             0.3045357896             0.6860591130
          283.2265877873             0.0049641820             0.3011463813             0.7081953567
          284.3665877873             0.0049246178             0.2978054464             0.7291902989
          285.5065877873             0.0048855241             0.2945100707             0.7489920282
          286.6465877873             0.0048468935             0.2912596599             0.7675644799
          287.7865877873             0.0048087187             0.2880608671             0.7848870782
          288.9265877873             0.0047709925             0.2849053236             0.8009540677
          290.0665877873             0.0047337080             0.2817923549             0.8157735718
          291.2065877873             0.0046968583             0.2787234354             0.8293664213
          292.3465877873             0.0046604367             0.2757007181             0.8417648038
          293.4865877873             0.0046244366             0.2727184332             0.8530107817
          294.6265877873             0.0045888515             0.2697759552             0.8631547318
          295.7665877873             0.0045536750             0.2668765643             0.8722537528
          296.9065877873             0.0045189010             0.2640184668             0.8803700867
          298.0465877873             0.0044845233             0.2611981889             0.8875695947
          299.1865877873             0.0044505360             0.2584151502             0.8939203214
          300.3265877873             0.0044169331             0.2556742016             0.8994911745
          301.4665877873             0.0043837089             0.2529700982             0.9043507424
          302.6065877873             0.0043508577             0.2503013901             0.9085662638
          303.7465877873             0.0043183740             0.2476683780             0.9122027556
          304.8865877873             0.0042862523             0.2450747560             0.9153223032
          306.0265877873             0.0042544873             0.2425147882             0.9179835079
          307.1665877873             0.0042230737             0.2399879657             0.9202410853
          308.3065877873             0.0041920064             0.2374961537             0.9221456015
          309.4465877873             0.0041612802             0.2350396429             0.9237433352
          310.5865877873             0.0041308902             0.2326146609             0.9250762481
          311.7265877873             0.0041008316             0.2302207355             0.9261820488
          312.8665877873             0.0040710995             0.2278611005             0.9270943318
          314.0065877873             0.0040416892             0.2255330544             0.9278427771
          315.1465877873             0.0040125962             0.2232345635             0.9284533930
          316.2865877873             0.0039838158             0.2209651888             0.9289487906
          317.4265877873             0.0039553436             0.2187293585             0.9293484752
          318.5665877873             0.0039271752             0.2165217469             0.9296691454
          319.7065877873             0.0038993064             0.2143418567             0.9299249906
          320.8465877873             0.0038717328             0.2121905229             0.9301279802
          321.9865877873             0.0038444504             0.2100694824             0.9302881380
          323.1265877873             0.0038174551             0.2079748442             0.9304137988
          324.2665877873             0.0037907428             0.2059062227             0.9305118447
          325.4065877873             0.0037643096             0.2038656471             0.9305879188
          326.5465877873             0.0037381517             0.2018522563             0.9306466165
          327.6865877873             0.0037122652             0.1998636558             0.9306916550
          328.8265877873             0.0036866464             0.1978994868             0.9307260207
          329.9665877873             0.0036612917             0.1959628262             0.9307520967
          331.1065877873             0.0036361973             0.1940505226             0.9307717728
          332.2465877873             0.0036113598             0.1921615094             0.9307865370
          333.3865877873             0.0035867757             0.1902958790             0.9307975540
          334.5265877873             0.0035624415             0.1884563464             0.9308057290
          335.6665877873             0.0035383539             0.1866390241             0.9308117615
          336.8065877873             0.0035145096             0.1848435962             0.9308161882
          337.9465877873             0.0034909052             0.1830711975             0.9308194185
          339.0865877873             0.0034675376             0.1813222843             0.9308217627
          340.2265877873             0.0034444036             0.1795942596             0.9308234543
          341.3665877873             0.0034215002             0.1778868292             0.9308246682
          342.5065877873             0.0033988243             0.1762020478             0.9308255345
          343.6465877873             0.0033763728             0.1745383699             0.9308261493
          344.7865877873             0.0033541428             0.1728943492             0.9308265831
          345.9265877873             0.0033321315             0.1712697113             0.9308268876
          347.0665877873             0.0033103360             0.1696673209             0.9308271001
          348.2065877873             0.0032887534             0.1680838620             0.9308272475
          349.3465877873             0.0032673810             0.1665189122             0.9308273493
          350.4865877873             0.0032462161             0.1649729462             0.9308274192
          351.6265877873             0.0032252560             0.1634473484             0.9308274668
          352.7665877873             0.0032044981             0.1619394315             0.9308274992
          353.9065877873             0.0031839397             0.1604489529             0.9308275210
          355.0465877873             0.0031635784             0.1589771953             0.9308275357
          356.1865877873             0.0031434116             0.1575237899             0.9308275455
          357.3265877873             0.0031234369             0.1560870442             0.9308275520
          358.4665877873             0.0031036518             0.1546667209             0.9308275562
          359.6065877873             0.0030840540             0.1532647780             0.9308275590
          360.7465877873             0.0030646410             0.1518792147             0.9308275609
          361.8865877873             0.0030454106             0.1505091163             0.9308275621
          363.0265877873             0.0030263605             0.1491543182             0.9308275628
          364.1665877873             0.0030074885             0.1478166154             0.9308275633
          365.3065877873             0.0029887923             0.1464933086             0.9308275637
          366.4465877873             0.0029702697             0.1451841643             0.9308275639
          367.5865877873             0.0029519187             0.1438898315             0.9308275640
          368.7265877873             0.0029337371             0.1426107640             0.9308275641
          369.8665877873             0.0029157228             0.1413452116             0.9308275641
          371.0065877873             0.0028978737             0.1400929914             0.9308275641
          372.1465877873             0.0028801880             0.1388553705             0.9308275642
          373.2865877873             0.0028626635             0.1376315040             0.9308275642
          374.4265877873             0.0028452984             0.1364203894             0.9308275642
          375.5665877873             0.0028280907             0.1352218569             0.9308275642
          376.7065877873             0.0028110385             0.1340377086             0.9308275642
          377.8465877873             0.0027941400             0.1328659386             0.9308275642
          378.9865877873             0.0027773932             0.1317062117             0.9308275642
          380.1265877873             0.0027607965             0.1305587804             0.9308275642
          381.2665877873             0.0027443479             0.1294246902             0.9308275642
          382.4065877873             0.0027280459             0.1283021337             0.9308275642
          383.5465877873             0.0027118885             0.1271909621             0.9308275642
          384.6865877873             0.0026958742             0.1260919623             0.9308275642
          385.8265877873             0.0026800011             0.1250050315             0.9308275642
          386.9665877873             0.0026642678             0.1239290134             0.9308275642
          388.1065877873             0.0026486725             0.1228637701             0.9308275642
          389.2465877873             0.0026332137             0.1218105664             0.9308275642
          390.3865877873             0.0026178896             0.1207682709             0.9308275642
          391.5265877873             0.0026026989             0.1197363130             0.9308275642
          392.6665877873             0.0025876399             0.1187146421             0.9308275642
          393.8065877873             0.0025727112             0.1177047207             0.9308275642
          394.9465877873             0.0025579112             0.1167047255             0.9308275642
          396.0865877873             0.0025432384             0.1157145367             0.9308275642
          397.2265877873             0.0025286915             0.1147345796             0.9308275642
          398.3665877873             0.0025142689             0.1137653024             0.9308275642
          399.5065877873             0.0024999692             0.1128054522             0.9308275642
          400.6465877873             0.0024857912             0.1118549184             0.9308275642
          401.7865877873             0.0024717333             0.1109145565             0.9308275642
          402.9265877873             0.0024577942             0.1099838985             0.9308275642
          404.0665877873             0.0024439727             0.1090622077             0.9308275642
          405.2065877873             0.0024302673             0.1081493828             0.9308275642
          406.3465877873             0.0024166769             0.1072466683             0.9308275642
          407.4865877873             0.0024032000             0.1063527666             0.9308275642
          408.6265877873             0.0023898355             0.1054674099             0.9308275642
          409.7665877873             0.0023765821             0.1045907502             0.9308275642
          410.9065877873             0.0023634386             0.1037236497             0.9308275642
          412.0465877873             0.0023504037             0.1028647934             0.9308275642
          413.1865877873             0.0023374763             0.1020140941             0.9308275642
          414.3265877873             0.0023246552             0.1011720931             0.9308275642
          415.4665877873             0.0023119392             0.1003388301             0.9308275642
          416.6065877873             0.0022993273             0.0995134480             0.9308275642
          417.7465877873             0.0022868181             0.0986958664             0.9308275642
          418.8865877873             0.0022744108             0.0978869825             0.9308275642
          420.0265877873             0.0022621040             0.0970860837             0.9308275642
          421.1665877873             0.0022498968             0.0962927313             0.9308275642
          422.3065877873             0.0022377881             0.0955068659             0.9308275642
          423.4465877873             0.0022257769             0.0947296666             0.9308275642
          424.5865877873             0.0022138620             0.0939597743             0.9308275642
          425.7265877873             0.0022020425             0.0931971194             0.9308275642
          426.8665877873             0.0021903173             0.0924419960             0.9308275642
          428.0065877873             0.0021786855             0.0916948385             0.9308275642
          429.1465877873             0.0021671460             0.0909546961             0.9308275642
          430.2865877873             0.0021556979             0.0902215038             0.9308275642
          431.4265877873             0.0021443402             0.0894958815             0.9308275642
          432.5665877873             0.0021330720             0.0887775757             0.9308275642
          433.7065877873             0.0021218924             0.0880660120             0.9308275642
          434.8465877873             0.0021108003             0.0873611293             0.9308275642
          435.9865877873             0.0020997950             0.0866638478             0.9308275642
          437.1265877873             0.0020888755             0.0859732774             0.9308275642
          438.2665877873             0.0020780408             0.0852891918             0.9308275642
          439.4065877873             0.0020672902             0.0846116841             0.9308275642
          440.5465877873             0.0020566228             0.0839414973             0.9308275642
          441.6865877873             0.0020460376             0.0832776060             0.9308275642
          442.8265877873             0.0020355340             0.0826199544             0.9308275642
          443.9665877873             0.0020251109             0.0819689334             0.9308275642
          445.1065877873             0.0020147677             0.0813246540             0.9308275642
          446.2465877873             0.0020045035             0.0806864326             0.9308275642
          447.3865877873             0.0019943174             0.0800542153             0.9308275642
          448.5265877873             0.0019842088             0.0794286680             0.9308275642
          449.6665877873             0.0019741768             0.0788093155             0.9308275642
          450.8065877873             0.0019642207             0.0781957915             0.9308275642
          451.9465877873             0.0019543396             0.0775880434             0.9308275642
          453.0865877873             0.0019445328             0.0769869904             0.9308275642
          454.2265877873             0.0019347997             0.0763916146             0.9308275642
          455.3665877873             0.0019251394             0.0758018439             0.9308275642
          456.5065877873             0.0019155513             0.0752178775             0.9308275642
          457.6465877873             0.0019060345             0.0746400733             0.9308275642
