# Energy loss (meV)	Quasi-elastic (arb. units)	Magnetic excitations (arb. units)	dd excitations (arb. units)
         -227.1196565271             0.0054168244             0.0025745355             0.0000000000
         -225.9796565271             0.0054712705             0.0026123148             0.0000000000
         -224.8396565271             0.0055265399             0.0026502231             0.0000000000
         -223.6996565271             0.0055826493             0.0026882626             0.0000000000
         -222.5596565271             0.0056396156             0.0027264426             0.0000000000
         -221.4196565271             0.0056974563             0.0027647770             0.0000000000
         -220.2796565271             0.0057561895             0.0028032518             0.0000000000
         -219.1396565271             0.0058158336             0.0028418703             0.0000000000
         -217.9996565271             0.0058764073             0.0028806509             0.0000000000
         -216.8596565271             0.0059379302             0.0029195948             0.0000000000
         -215.7196565271             0.0060004221             0.0029586947             0.0000000000
         -214.5796565271             0.0060639033             0.0029979547             0.0000000000
         -213.4396565271             0.0061283950             0.0030374041             0.0000000000
         -212.2996565271             0.0061939184             0.0030770284             0.0000000000
         -211.1596565271             0.0062604958             0.0031168279             0.0000000000
         -210.0196565271             0.0063281498             0.0031568115             0.0000000000
         -208.8796565271             0.0063969037             0.0031970098             0.0000000000
         -207.7396565271             0.0064667813             0.0032374002             0.0000000000
         -206.5996565271             0.0065378073             0.0032779883             0.0000000000
         -205.4596565271             0.0066100069             0.0033187947             0.0000000000
         -204.3196565271             0.0066834059             0.0033598336             0.0000000000
         -203.1796565271             0.0067580312             0.0034010895             0.0000000000
         -202.0396565271             0.0068339100             0.0034425689             0.0000000000
         -200.8996565271             0.0069110705             0.0034843066             0.0000000000
         -199.7596565271             0.0069895417             0.0035262952             0.0000000000
         -198.6196565271             0.0070693533             0.0035685290             0.0000000000
         -197.4796565271             0.0071505359             0.0036110149             0.0000000000
         -196.3396565271             0.0072331211             0.0036538050             0.0000000000
         -195.1996565271             0.0073171413             0.0036968651             0.0000000000
         -194.0596565271             0.0074026297             0.0037402013             0.0000000000
         -192.9196565271             0.0074896207             0.0037838337             0.0000000000
         -191.7796565271             0.0075781497             0.0038277973             0.0000000000
         -190.6396565271             0.0076682529             0.0038720625             0.0000000000
         -189.4996565271             0.0077599678             0.0039166374             0.0000000000
         -188.3596565271             0.0078533330             0.0039615606             0.0000000000
         -187.2196565271             0.0079483881             0.0040068389             0.0000000000
         -186.0796565271             0.0080451741             0.0040524548             0.0000000000
         -184.9396565271             0.0081437331             0.0040984169             0.0000000000
         -183.7996565271             0.0082441086             0.0041447860             0.0000000000
         -182.6596565271             0.0083463453             0.0041915339             0.0000000000
         -181.5196565271             0.0084504893             0.0042386582             0.0000000000
         -180.3796565271             0.0085565882             0.0042861748             0.0000000000
         -179.2396565271             0.0086646912             0.0043341516             0.0000000000
         -178.0996565271             0.0087748488             0.0043825368             0.0000000000
         -176.9596565271             0.0088871132             0.0044313404             0.0000000000
         -175.8196565271             0.0090015383             0.0044806014             0.0000000000
         -174.6796565271             0.0091181798             0.0045303520             0.0000000000
         -173.5396565271             0.0092370950             0.0045805556             0.0000000000
         -172.3996565271             0.0093583431             0.0046312232             0.0000000000
         -171.2596565271             0.0094819855             0.0046824215             0.0000000000
         -170.1196565271             0.0096080852             0.0047341384             0.0000000000
         -168.9796565271             0.0097367076             0.0047863566             0.0000000000
         -167.8396565271             0.0098679203             0.0048390880             0.0000000000
         -166.6996565271             0.0100017928             0.0048924326             0.0000000000
         -165.5596565271             0.0101383974             0.0049463243             0.0000000000
         -164.4196565271             0.0102778085             0.0050007698             0.0000000000
         -163.2796565271             0.0104201032             0.0050558039             0.0000000000
         -162.1396565271             0.0105653614             0.0051114998             0.0000000000
         -160.9996565271             0.0107136655             0.0051677927             0.0000000000
         -159.8596565271             0.0108651009             0.0052246965             0.0000000000
         -158.7196565271             0.0110197560             0.0052822808             0.0000000000
         -157.5796565271             0.0111777222             0.0053405636             0.0000000000
         -156.4396565271             0.0113390945             0.0053995045             0.0000000000
         -155.2996565271             0.0115039709             0.0054591184             0.0000000000
         -154.1596565271             0.0116724533             0.0055195166             0.0000000000
         -153.0196565271             0.0118446469             0.0055806501             0.0000000000
         -151.8796565271             0.0120206611             0.0056425085             0.0000000000
         -150.7396565271             0.0122006093             0.0057051159             0.0000000000
         -149.5996565271             0.0123846089             0.0057686090             0.0000000000
         -148.4596565271             0.0125727818             0.0058328824             0.0000000000
         -147.3196565271             0.0127652547             0.0058979538             0.0000000000
         -146.1796565271             0.0129621588             0.0059638912             0.0000000000
         -145.0396565271             0.0131636305             0.0060307632             0.0000000000
         -143.8996565271             0.0133698114             0.0060984944             0.0000000000
         -142.7596565271             0.0135808487             0.0061671044             0.0000000000
         -141.6196565271             0.0137968951             0.0062367132             0.0000000000
         -140.4796565271             0.0140181097             0.0063073070             0.0000000000
         -139.3396565271             0.0142446576             0.0063788473             0.0000000000
         -138.1996565271             0.0144767106             0.0064513556             0.0000000000
         -137.0596565271             0.0147144476             0.0065250143             0.0000000000
         -135.9196565271             0.0149580546             0.0065997097             0.0000000000
         -134.7796565271             0.0152077252             0.0066754484             0.0000000000
         -133.6396565271             0.0154636611             0.0067522898             0.0000000000
         -132.4996565271             0.0157260723             0.0068303840             0.0000000000
         -131.3596565271             0.0159951779             0.0069096033             0.0000000000
         -130.2196565271             0.0162712058             0.0069899740             0.0000000000
         -129.0796565271             0.0165543941             0.0070716214             0.0000000000
         -127.9396565271             0.0168449908             0.0071545937             0.0000000000
         -126.7996565271             0.0171432548             0.0072388089             0.0000000000
         -125.6596565271             0.0174494564             0.0073242964             0.0000000000
         -124.5196565271             0.0177638777             0.0074112608             0.0000000000
         -123.3796565271             0.0180868134             0.0074996260             0.0000000000
         -122.2396565271             0.0184185714             0.0075893664             0.0000000000
         -121.0996565271             0.0187594735             0.0076805223             0.0000000000
         -119.9596565271             0.0191098563             0.0077733719             0.0000000000
         -118.8196565271             0.0194700720             0.0078677096             0.0000000000
         -117.6796565271             0.0198404888             0.0079635718             0.0000000000
         -116.5396565271             0.0202214924             0.0080610826             0.0000000000
         -115.3996565271             0.0206134868             0.0081603956             0.0000000000
         -114.2596565271             0.0210168953             0.0082613609             0.0000000000
         -113.1196565271             0.0214321612             0.0083640200             0.0000000000
         -111.9796565271             0.0218597499             0.0084685993             0.0000000000
         -110.8396565271             0.0223001492             0.0085750973             0.0000000000
         -109.6996565271             0.0227538714             0.0086834345             0.0000000000
         -108.5596565271             0.0232214540             0.0087936582             0.0000000000
         -107.4196565271             0.0237034620             0.0089061195             0.0000000000
         -106.2796565271             0.0242004889             0.0090206252             0.0000000000
         -105.1396565271             0.0247131590             0.0091371838             0.0000000000
         -103.9996565271             0.0252421288             0.0092559073             0.0000000000
         -102.8596565271             0.0257880894             0.0093771251             0.0000000000
         -101.7196565271             0.0263517682             0.0095005811             0.0000000000
         -100.5796565271             0.0269339320             0.0096263356             0.0000000000
          -99.4396565271             0.0275353887             0.0097546352             0.0000000000
          -98.2996565271             0.0281569905             0.0098856148             0.0000000000
          -97.1596565271             0.0287996366             0.0100191069             0.0000000000
          -96.0196565271             0.0294642767             0.0101551810             0.0000000000
          -94.8796565271             0.0301519137             0.0102942510             0.0000000000
          -93.7396565271             0.0308636083             0.0104362060             0.0000000000
          -92.5996565271             0.0316004826             0.0105809914             0.0000000000
          -91.4596565271             0.0323637247             0.0107286885             0.0000000000
          -90.3196565271             0.0331545938             0.0108799183             0.0000000000
          -89.1796565271             0.0339744253             0.0110342603             0.0000000000
          -88.0396565271             0.0348246380             0.0111918040             0.0000000000
          -86.8996565271             0.0357067404             0.0113528095             0.0000000000
          -85.7596565271             0.0366223394             0.0115176609             0.0000000000
          -84.6196565271             0.0375731499             0.0116860421             0.0000000000
          -83.4796565271             0.0385610066             0.0118580614             0.0000000000
          -82.3396565271             0.0395878772             0.0120342090             0.0000000000
          -81.1996565271             0.0406558804             0.0122145511             0.0000000000
          -80.0596565271             0.0417673057             0.0123989193             0.0000000000
          -78.9196565271             0.0429246405             0.0125874418             0.0000000000
          -77.7796565271             0.0441306024             0.0127809023             0.0000000000
          -76.6396565271             0.0453881815             0.0129789541             0.0000000000
          -75.4996565271             0.0467006930             0.0131816232             0.0000000000
          -74.3596565271             0.0480718458             0.0133891679             0.0000000000
          -73.2196565271             0.0495058289             0.0136024345             0.0000000000
          -72.0796565271             0.0510074221             0.0138208531             0.0000000000
          -70.9396565271             0.0525821380             0.0140446028             0.0000000000
          -69.7996565271             0.0542364008             0.0142742734             0.0000000000
          -68.6596565271             0.0559777734             0.0145103026             0.0000000000
          -67.5196565271             0.0578152430             0.0147523194             0.0000000000
          -66.3796565271             0.0597595777             0.0150005464             0.0000000000
          -65.2396565271             0.0618237707             0.0152560196             0.0000000000
          -64.0996565271             0.0640235866             0.0155186269             0.0000000000
          -62.9596565271             0.0663782313             0.0157882801             0.0000000000
          -61.8196565271             0.0689111646             0.0160652701             0.0000000000
          -60.6796565271             0.0716510777             0.0163512552             0.0000000000
          -59.5396565271             0.0746330584             0.0166453833             0.0000000000
          -58.3996565271             0.0778999664             0.0169479828             0.0000000000
          -57.2596565271             0.0815040383             0.0172598675             0.0000000000
          -56.1196565271             0.0855087412             0.0175824207             0.0000000000
          -54.9796565271             0.0899908858             0.0179149751             0.0000000000
          -53.8396565271             0.0950430056             0.0182581101             0.0000000000
          -52.6996565271             0.1007759944             0.0186135795             0.0000000000
          -51.5596565271             0.1073219872             0.0189821933             0.0000000000
          -50.4196565271             0.1148374461             0.0193638768             0.0000000000
          -49.2796565271             0.1235064014             0.0197596185             0.0000000000
          -48.1396565271             0.1335437683             0.0201728783             0.0000000000
          -46.9996565271             0.1451986402             0.0206035746             0.0000000000
          -45.8596565271             0.1587574315             0.0210527554             0.0000000000
          -44.7196565271             0.1745467111             0.0215225733             0.0000000000
          -43.5796565271             0.1929355482             0.0220187578             0.0000000000
          -42.4396565271             0.2143371574             0.0225405103             0.0000000000
          -41.2996565271             0.2392096164             0.0230907317             0.0000000000
          -40.1596565271             0.2680554090             0.0236750769             0.0000000000
          -39.0196565271             0.3014195405             0.0242999066             0.0000000000
          -37.8796565271             0.3398859762             0.0249662196             0.0000000000
          -36.7396565271             0.3840721693             0.0256792578             0.0000000000
          -35.5996565271             0.4346214746             0.0264517759             0.0000000000
          -34.4596565271             0.4921932919             0.0272892491             0.0000000000
          -33.3196565271             0.5574508461             0.0281963502             0.0000000000
          -32.1796565271             0.6310465889             0.0291820240             0.0000000000
          -31.0396565271             0.7136053020             0.0302725265             0.0000000000
          -29.8996565271             0.8057050855             0.0314674665             0.0000000000
          -28.7596565271             0.9078565306             0.0327785831             0.0000000000
          -27.6196565271             1.0204804858             0.0342254793             0.0000000000
          -26.4796565271             1.1438849407             0.0358415203             0.0000000000
          -25.3396565271             1.2782416431             0.0376256497             0.0000000000
          -24.1996565271             1.4235631455             0.0395967224             0.0000000000
          -23.0596565271             1.5796810197             0.0417949608             0.0000000000
          -21.9196565271             1.7462259899             0.0442477883             0.0000000000
          -20.7796565271             1.9226107042             0.0469601553             0.0000000000
          -19.6396565271             2.1080157871             0.0499571120             0.0000000000
          -18.4996565271             2.3013797071             0.0533109471             0.0000000000
          -17.3596565271             2.5013928529             0.0570240453             0.0000000000
          -16.2196565271             2.7064960757             0.0611128176             0.0000000000
          -15.0796565271             2.9148838464             0.0656112002             0.0000000000
          -13.9396565271             3.1245121556             0.0706225072             0.0000000000
          -12.7996565271             3.3331113972             0.0761090673             0.0000000000
          -11.6596565271             3.5382047866             0.0821015393             0.0000000000
          -10.5196565271             3.7371333870             0.0886638513             0.0000000000
           -9.3796565271             3.9270895286             0.0958639455             0.0000000000
           -8.2396565271             4.1051611532             0.1036672373             0.0000000000
           -7.0996565271             4.2683901059             0.1121007785             0.0000000000
           -5.9596565271             4.4138472006             0.1212634118             0.0000000000
           -4.8196565271             4.5387255003             0.1311552178             0.0000000000
           -3.6796565271             4.6404503510             0.1417518439             0.0000000000
           -2.5396565271             4.7168004093             0.1530701388             0.0000000000
           -1.3996565271             4.7660290511             0.1652410450             0.0000000000
           -0.2596565271             4.7869716773             0.1781724839             0.0000000000
            0.8803434729             4.7791233378             0.1918566096             0.0000000000
            2.0203434729             4.7426739416             0.2063184315             0.0000000000
            3.1603434729             4.6784949031             0.2216380844             0.0000000000
            4.3003434729             4.5880795831             0.2376996305             0.0000000000
            5.4403434729             4.4734476464             0.2544914558             0.0000000000
            6.5803434729             4.3370281320             0.2720545150             0.0000000000
            7.7203434729             4.1815366601             0.2903749224             0.0000000000
            8.8603434729             4.0098593808             0.3093630881             0.0000000000
           10.0003434729             3.8249516494             0.3289937705             0.0000000000
           11.1403434729             3.6297547043             0.3493153256             0.0000000000
           12.2803434729             3.4271300341             0.3702405525             0.0000000000
           13.4203434729             3.2198090643             0.3917103814             0.0000000000
           14.5603434729             3.0103551149             0.4136939853             0.0000000000
           15.7003434729             2.8011348188             0.4362312843             0.0000000000
           16.8403434729             2.5942968663             0.4592022523             0.0000000000
           17.9803434729             2.3917566949             0.4825723858             0.0000000000
           19.1203434729             2.1951863622             0.5063246980             0.0000000000
           20.2603434729             2.0060092474             0.5304408215             0.0000000000
           21.4003434729             1.8253994214             0.5548440661             0.0000000000
           22.5403434729             1.6542855601             0.5795017225             0.0000000000
           23.6803434729             1.4933591999             0.6044013628             0.0000000000
           24.8203434729             1.3430870056             0.6294992911             0.0000000000
           25.9603434729             1.2037265780             0.6547503841             0.0000000000
           27.1003434729             1.0753452046             0.6801262314             0.0000000000
           28.2403434729             0.9578408633             0.7056102656             0.0000000000
           29.3803434729             0.8509647372             0.7311602537             0.0000000000
           30.5203434729             0.7543444912             0.7567493816             0.0000000000
           31.6603434729             0.6675075916             0.7823537946             0.0000000000
           32.8003434729             0.5899040129             0.8079460148             0.0000000000
           33.9403434729             0.5209277633             0.8335034054             0.0000000000
           35.0803434729             0.4599367679             0.8590055562             0.0000000000
           36.2203434729             0.4062707577             0.8844256911             0.0000000000
           37.3603434729             0.3592669312             0.9097386936             0.0000000000
           38.5003434729             0.3182732613             0.9349344638             0.0000000000
           39.6403434729             0.2826594212             0.9599955254             0.0000000000
           40.7803434729             0.2518253892             0.9848838731             0.0000000000
           41.9203434729             0.2252078607             1.0095912248             0.0000000000
           43.0603434729             0.2022846527             1.0341092819             0.0000000000
           44.2003434729             0.1825773224             1.0584221691             0.0000000000
           45.3403434729             0.1656522423             1.0824732419             0.0000000000
           46.4803434729             0.1511203872             1.1062831043             0.0000000000
           47.6203434729             0.1386360816             1.1298367677             0.0000000000
           48.7603434729             0.1278949458             1.1531052647             0.0000000000
           49.9003434729             0.1186312603             1.1760476993             0.0000000000
           51.0403434729             0.1106149430             1.1986840078             0.0000000000
           52.1803434729             0.1036483070             1.2209991637             0.0000000000
           53.3203434729             0.0975627404             1.2429440763             0.0000000000
           54.4603434729             0.0922154197             1.2645070047             0.0000000000
           55.6003434729             0.0874861457             1.2856995452             0.0000000000
           56.7403434729             0.0832743632             1.3065068930             0.0000000000
           57.8803434729             0.0794964101             1.3268537403             0.0000000000
           59.0203434729             0.0760830189             1.3467701267             0.0000000000
           60.1603434729             0.0729770822             1.3662532142             0.0000000000
           61.3003434729             0.0701316826             1.3852792983             0.0000000000
           62.4403434729             0.0675083758             1.4037697642             0.0000000000
           63.5803434729             0.0650757132             1.4217806052             0.0000000000
           64.7203434729             0.0628079840             1.4392982886             0.0000000000
           65.8603434729             0.0606841547             1.4562734109             0.0000000000
           67.0003434729             0.0586869840             1.4726717599             0.0000000000
           68.1403434729             0.0568022912             1.4885346174             0.0000000000
           69.2803434729             0.0550183552             1.5038499742             0.0000000000
           70.4203434729             0.0533254268             1.5185385529             0.0000000000
           71.5603434729             0.0517153336             1.5326222265             0.0000000000
           72.7003434729             0.0501811640             1.5461221619             0.0000000000
           73.8403434729             0.0487170152             1.5590285134             0.0000000000
           74.9803434729             0.0473177930             1.5712293980             0.0000000000
           76.1203434729             0.0459790547             1.5828121075             0.0000000000
           77.2603434729             0.0446968848             1.5937731431             0.0000000000
           78.4003434729             0.0434677983             1.6040786434             0.0000000000
           79.5403434729             0.0422886644             1.6136635069             0.0000000000
           80.6803434729             0.0411566470             1.6226060554             0.0000000000
           81.8203434729             0.0400691586             1.6309016357             0.0000000000
           82.9603434729             0.0390238230             1.6384866664             0.0000000000
           84.1003434729             0.0380184467             1.6453625122             0.0000000000
           85.2403434729             0.0370509954             1.6515816490             0.0000000000
           86.3803434729             0.0361195758             1.6571428682             0.0000000000
           87.5203434729             0.0352224200             1.6619534037             0.0000000000
           88.6603434729             0.0343578731             1.6660837070             0.0000000000
           89.8003434729             0.0335243830             1.6695580120             0.0000000000
           90.9403434729             0.0327204909             1.6723691264             0.0000000000
           92.0803434729             0.0319448243             1.6744263278             0.0000000000
           93.2203434729             0.0311960899             1.6758384626             0.0000000000
           94.3603434729             0.0304730680             1.6766105997             0.0000000000
           95.5003434729             0.0297746070             1.6767085501             0.0000000000
           96.6403434729             0.0290996187             1.6761108626             0.0000000000
           97.7803434729             0.0284470744             1.6748953904             0.0000000000
           98.9203434729             0.0278160006             1.6730704701             0.0000000000
          100.0603434729             0.0272054755             1.6705784261             0.0000000000
          101.2003434729             0.0266146258             1.6674616864             0.0000000000
          102.3403434729             0.0260426239             1.6637678383             0.0000000000
          103.4803434729             0.0254886845             1.6595080481             0.0000000000
          104.6203434729             0.0249520627             1.6546061858             0.0000000000
          105.7603434729             0.0244320509             1.6491591770             0.0000000000
          106.9003434729             0.0239279772             1.6431869899             0.0000000000
          108.0403434729             0.0234392029             1.6366849421             0.0000000000
          109.1803434729             0.0229651207             1.6296188513             0.0000000000
          110.3203434729             0.0225051529             1.6220734035             0.0000000000
          111.4603434729             0.0220587495             1.6140632963             0.0000000000
          112.6003434729             0.0216253870             1.6055664318             0.0000000000
          113.7403434729             0.0212045666             1.5965999430             0.0000000000
          114.8803434729             0.0207958129             1.5872192191             0.0000000000
          116.0203434729             0.0203986727             1.5774400020             0.0000000000
          117.1603434729             0.0200127136             1.5672288365             0.0000000000
          118.3003434729             0.0196375230             1.5566406157             0.0000000000
          119.4403434729             0.0192727070             1.5457066391             0.0000000000
          120.5803434729             0.0189178896             1.5344401888             0.0000000000
          121.7203434729             0.0185727113             1.5228111026             0.0000000000
          122.8603434729             0.0182368286             1.5108892983             0.0000000000
          124.0003434729             0.0179099130             1.4986907391             0.0000000000
          125.1403434729             0.0175916504             1.4862170949             0.0000000000
          126.2803434729             0.0172817402             1.4734729489             0.0000000000
          127.4203434729             0.0169798945             1.4605037657             0.0000000000
          128.5603434729             0.0166858378             1.4473248472             0.0000000000
          129.7003434729             0.0163993061             1.4339320629             0.0000000000
          130.8403434729             0.0161200465             1.4203509116             0.0000000000
          131.9803434729             0.0158478164             1.4066088082             0.0000000000
          133.1203434729             0.0155823833             1.3927199642             0.0000000000
          134.2603434729             0.0153235242             1.3786796651             0.0000000000
          135.4003434729             0.0150710250             1.3645217142             0.0000000000
          136.5403434729             0.0148246804             1.3502616561             0.0000000000
          137.6803434729             0.0145842929             1.3359099838             0.0000000000
          138.8203434729             0.0143496732             1.3214727566             0.0000000000
          139.9603434729             0.0141206392             1.3069743089             0.0000000000
          141.1003434729             0.0138970160             1.2924262461             0.0000000000
          142.2403434729             0.0136786354             1.2778376716             0.0000000000
          143.3803434729             0.0134653356             1.2632213181             0.0000000000
          144.5203434729             0.0132569610             1.2485909206             0.0000000000
          145.6603434729             0.0130533620             1.2339564358             0.0000000000
          146.8003434729             0.0128543944             1.2193293840             0.0000000000
          147.9403434729             0.0126599195             1.2047199874             0.0000000000
          149.0803434729             0.0124698037             1.1901365890             0.0000000000
          150.2203434729             0.0122839184             1.1755876405             0.0000000000
          151.3603434729             0.0121021395             1.1610894996             0.0000000000
          152.5003434729             0.0119243475             1.1466433001             0.0000000000
          153.6403434729             0.0117504272             1.1322561086             0.0000000000
          154.7803434729             0.0115802676             1.1179384658             0.0000000000
          155.9203434729             0.0114137614             1.1037029647             0.0000000000
          157.0603434729             0.0112508052             1.0895472640             0.0000000000
          158.2003434729             0.0110912993             1.0754769305             0.0000000000
          159.3403434729             0.0109351474             1.0615069624             0.0000000000
          160.4803434729             0.0107822565             1.0476406260             0.0000000000
          161.6203434729             0.0106325367             1.0338757263             0.0000000000
          162.7603434729             0.0104859014             1.0202164762             0.0000000000
          163.9003434729             0.0103422668             1.0066839027             0.0000000000
          165.0403434729             0.0102015518             0.9932682043             0.0000000000
          166.1803434729             0.0100636781             0.9799700230             0.0000000000
          167.3203434729             0.0099285701             0.9667955027             0.0000000000
          168.4603434729             0.0097961546             0.9537632357             0.0000000000
          169.6003434729             0.0096663607             0.9408575133             0.0000000000
          170.7403434729             0.0095391200             0.9280805606             0.0000000000
          171.8803434729             0.0094143662             0.9154442578             0.0000000000
          173.0203434729             0.0092920351             0.9029542062             0.0000000000
          174.1603434729             0.0091720646             0.8905987453             0.0000000001
          175.3003434729             0.0090543947             0.8783792136             0.0000000001
          176.4403434729             0.0089389669             0.8663138323             0.0000000002
          177.5803434729             0.0088257250             0.8543938235             0.0000000003
          178.7203434729             0.0087146142             0.8426129035             0.0000000005
          179.8603434729             0.0086055817             0.8309716833             0.0000000007
          181.0003434729             0.0084985760             0.8194948908             0.0000000012
          182.1403434729             0.0083935474             0.8081589547             0.0000000018
          183.2803434729             0.0082904477             0.7969637199             0.0000000028
          184.4203434729             0.0081892300             0.7859158222             0.0000000044
          185.5603434729             0.0080898490             0.7750265106             0.0000000069
          186.7003434729             0.0079922606             0.7642775556             0.0000000106
          187.8403434729             0.0078964222             0.7536686227             0.0000000163
          188.9803434729             0.0078022921             0.7432126523             0.0000000248
          190.1203434729             0.0077098303             0.7329065655             0.0000000377
          191.2603434729             0.0076189976             0.7227387529             0.0000000569
          192.4003434729             0.0075297561             0.7127085105             0.0000000854
          193.5403434729             0.0074420689             0.7028348154             0.0000001275
          194.6803434729             0.0073559003             0.6931008480             0.0000001893
          195.8203434729             0.0072712155             0.6835016460             0.0000002796
          196.9603434729             0.0071879807             0.6740388305             0.0000004107
          198.1003434729             0.0071061631             0.6647291856             0.0000006001
          199.2403434729             0.0070257308             0.6555508902             0.0000008721
          200.3803434729             0.0069466528             0.6465028101             0.0000012605
          201.5203434729             0.0068688988             0.6375925550             0.0000018122
          202.6603434729             0.0067924397             0.6288234307             0.0000025913
          203.8003434729             0.0067172469             0.6201805255             0.0000036855
          204.9403434729             0.0066432926             0.6116625619             0.0000052138
          206.0803434729             0.0065705498             0.6032826532             0.0000073365
          207.2203434729             0.0064989924             0.5950316875             0.0000102683
          208.3603434729             0.0064285947             0.5869012888             0.0000142951
          209.5003434729             0.0063593320             0.5788900912             0.0000197952
          210.6403434729             0.0062911799             0.5710161653             0.0000272656
          211.7803434729             0.0062241149             0.5632591687             0.0000373560
          212.9203434729             0.0061581141             0.5556167807             0.0000509093
          214.0603434729             0.0060931551             0.5480922074             0.0000690128
          215.2003434729             0.0060292163             0.5406940536             0.0000930594
          216.3403434729             0.0059662762             0.5334058361             0.0001248226
          217.4803434729             0.0059043144             0.5262261315             0.0001665454
          218.6203434729             0.0058433108             0.5191630724             0.0002210457
          219.7603434729             0.0057832456             0.5122142623             0.0002918408
          220.9003434729             0.0057240998             0.5053692770             0.0003832909
          222.0403434729             0.0056658547             0.4986267010             0.0005007654
          223.1803434729             0.0056084922             0.4919990293             0.0006508306
          224.3203434729             0.0055519947             0.4854740798             0.0008414621
          225.4603434729             0.0054963447             0.4790469129             0.0010822789
          226.6003434729             0.0054415256             0.4727174666             0.0013848007
          227.7403434729             0.0053875208             0.4664980732             0.0017627244
          228.8803434729             0.0053343144             0.4603719222             0.0022322176
          230.0203434729             0.0052818907             0.4543376581             0.0028122231
          231.1603434729             0.0052302345             0.4483995600             0.0035247686
          232.3003434729             0.0051793309             0.4425603556             0.0043952728
          233.4403434729             0.0051291654             0.4368086481             0.0054528370
          234.5803434729             0.0050797237             0.4311431328             0.0067305116
          235.7203434729             0.0050309922             0.4255718994             0.0082655228
          236.8603434729             0.0049829572             0.4200892052             0.0100994430
          238.0003434729             0.0049356056             0.4146884937             0.0122782916
          239.1403434729             0.0048889245             0.4093685178             0.0148525451
          240.2803434729             0.0048429013             0.4041406808             0.0178770429
          241.4203434729             0.0047975238             0.3989918323             0.0214107692
          242.5603434729             0.0047527799             0.3939197096             0.0255164976
          243.7003434729             0.0047086579             0.3889257812             0.0302602849
          244.8403434729             0.0046651464             0.3840163438             0.0357108042
          245.9803434729             0.0046222342             0.3791797827             0.0419385121
          247.1203434729             0.0045799104             0.3744149630             0.0490146497
          248.2603434729             0.0045381641             0.3697266591             0.0570100825
          249.4003434729             0.0044969851             0.3651138764             0.0659939920
          250.5403434729             0.0044563631             0.3605691995             0.0760324370
          251.6803434729             0.0044162881             0.3560915588             0.0871868107
          252.8203434729             0.0043767504             0.3516886001             0.0995122278
          253.9603434729             0.0043377404             0.3473529609             0.1130558782
          255.1003434729             0.0042992487             0.3430809372             0.1278553946
          256.2403434729             0.0042612663             0.3388720372             0.1439372814
          257.3803434729             0.0042237842             0.3347348416             0.1613154557
          258.5203434729             0.0041867937             0.3306580031             0.1799899558
          259.6603434729             0.0041502863             0.3266405655             0.1999458639
          260.8003434729             0.0041142535             0.3226848903             0.2211524954
          261.9403434729             0.0040786872             0.3187933060             0.2435628931
          263.0803434729             0.0040435794             0.3149580716             0.2671136635
          264.2203434729             0.0040089222             0.3111782924             0.2917251788
          265.3603434729             0.0039747081             0.3074588110             0.3173021591
          266.5003434729             0.0039409294             0.3037964914             0.3437346363
          267.6403434729             0.0039075788             0.3001867756             0.3708992880
          268.7803434729             0.0038746492             0.2966288282             0.3986611186
          269.9203434729             0.0038421335             0.2931296375             0.4268754484
          271.0603434729             0.0038100248             0.2896813136             0.4553901648
          272.2003434729             0.0037783163             0.2862820978             0.4840481766
          273.3403434729             0.0037470015             0.2829326407             0.5126900049
          274.4803434729             0.0037160738             0.2796374850             0.5411564409
          275.6203434729             0.0036855269             0.2763889168             0.5692911960
          276.7603434729             0.0036553546             0.2731861984             0.5969434706
          277.9003434729             0.0036255508             0.2700321203             0.6239703725
          279.0403434729             0.0035961095             0.2669265400             0.6502391189
          280.1803434729             0.0035670249             0.2638644626             0.6756289675
          281.3203434729             0.0035382913             0.2608452014             0.7000328293
          282.4603434729             0.0035099030             0.2578734048             0.7233585292
          283.6003434729             0.0034818545             0.2549448407             0.7455296928
          284.7403434729             0.0034541404             0.2520569092             0.7664862519
          285.8803434729             0.0034267555             0.2492090791             0.7861845697
          287.0203434729             0.0033996945             0.2464072820             0.8045972067
          288.1603434729             0.0033729524             0.2436440523             0.8217123491
          289.3003434729             0.0033465242             0.2409187863             0.8375329408
          290.4403434729             0.0033204050             0.2382327959             0.8520755594
          291.5803434729             0.0032945901             0.2355879971             0.8653690852
          292.7203434729             0.0032690746             0.2329792422             0.8774532164
          293.8603434729             0.0032438540             0.2304059703             0.8883768811
          295.0003434729             0.0032189239             0.2278711009             0.8981965980
          296.1403434729             0.0031942796             0.2253730306             0.9069748341
          297.2803434729             0.0031699170             0.2229086593             0.9147784023
          298.4203434729             0.0031458317             0.2204774657             0.9216769373
          299.5603434729             0.0031220195             0.2180837660             0.9277414821
          300.7003434729             0.0030984763             0.2157228825             0.9330432073
          301.8403434729             0.0030751982             0.2133935194             0.9376522836
          302.9803434729             0.0030521811             0.2110959394             0.9416369161
          304.1203434729             0.0030294211             0.2088334252             0.9450625450
          305.2603434729             0.0030069145             0.2066008649             0.9479912123
          306.4003434729             0.0029846575             0.2043978007             0.9504810868
          307.5403434729             0.0029626464             0.2022258865             0.9525861373
          308.6803434729             0.0029408776             0.2000853746             0.9543559419
          309.8203434729             0.0029193476             0.1979729035             0.9558356148
          310.9603434729             0.0028980529             0.1958880479             0.9570658379
          312.1003434729             0.0028769901             0.1938336768             0.9580829754
          313.2403434729             0.0028561559             0.1918073823             0.9589192581
          314.3803434729             0.0028355469             0.1898073511             0.9596030191
          315.5203434729             0.0028151599             0.1878331878             0.9601589657
          316.6603434729             0.0027949918             0.1858888194             0.9606084760
          317.8003434729             0.0027750394             0.1839695094             0.9609699057
          318.9403434729             0.0027552996             0.1820748107             0.9612588977
          320.0803434729             0.0027357696             0.1802054590             0.9614886846
          321.2203434729             0.0027164462             0.1783629889             0.9616703794
          322.3603434729             0.0026973266             0.1765439419             0.9618132481
          323.5003434729             0.0026784079             0.1747479706             0.9619249628
          324.6403434729             0.0026596874             0.1729768685             0.9620118308
          325.7803434729             0.0026411623             0.1712298657             0.9620790028
          326.9203434729             0.0026228299             0.1695048338             0.9621306556
          328.0603434729             0.0026046875             0.1678014498             0.9621701538
          329.2003434729             0.0025867325             0.1661224333             0.9622001895
          330.3403434729             0.0025689623             0.1644649869             0.9622229026
          331.4803434729             0.0025513744             0.1628281607             0.9622399828
          332.6203434729             0.0025339664             0.1612120315             0.9622527556
          333.7603434729             0.0025167357             0.1596189957             0.9622622542
          334.9003434729             0.0024996801             0.1580456079             0.9622692786
          336.0403434729             0.0024827970             0.1564915837             0.9622744444
          337.1803434729             0.0024660843             0.1549579213             0.9622782222
          338.3203434729             0.0024495396             0.1534450181             0.9622809696
          339.4603434729             0.0024331607             0.1519505737             0.9622829565
          340.6003434729             0.0024169453             0.1504743232             0.9622843855
          341.7403434729             0.0024008914             0.1490180761             0.9622854074
          342.8803434729             0.0023849967             0.1475804623             0.9622861342
          344.0203434729             0.0023692593             0.1461601997             0.9622866483
          345.1603434729             0.0023536769             0.1447570418             0.9622870098
          346.3003434729             0.0023382476             0.1433735109             0.9622872627
          347.4403434729             0.0023229694             0.1420066764             0.9622874385
          348.5803434729             0.0023078403             0.1406561616             0.9622875602
          349.7203434729             0.0022928585             0.1393223805             0.9622876438
          350.8603434729             0.0022780219             0.1380065479             0.9622877011
          352.0003434729             0.0022633287             0.1367062914             0.9622877400
          353.1403434729             0.0022487771             0.1354213931             0.9622877663
          354.2803434729             0.0022343653             0.1341529782             0.9622877840
          355.4203434729             0.0022200914             0.1329007177             0.9622877959
          356.5603434729             0.0022059538             0.1316631191             0.9622878037
          357.7003434729             0.0021919507             0.1304399741             0.9622878089
          358.8403434729             0.0021780804             0.1292330160             0.9622878124
          359.9803434729             0.0021643412             0.1280405098             0.9622878146
          361.1203434729             0.0021507315             0.1268616932             0.9622878161
          362.2603434729             0.0021372496             0.1256964773             0.9622878170
          363.4003434729             0.0021238941             0.1245465222             0.9622878176
          364.5403434729             0.0021106632             0.1234094522             0.9622878180
          365.6803434729             0.0020975554             0.1222850711             0.9622878183
          366.8203434729             0.0020845693             0.1211739646             0.9622878184
          367.9603434729             0.0020717034             0.1200765395             0.9622878185
          369.1003434729             0.0020589561             0.1189912252             0.9622878186
          370.2403434729             0.0020463259             0.1179178556             0.9622878186
          371.3803434729             0.0020338116             0.1168575625             0.9622878186
          372.5203434729             0.0020214116             0.1158095861             0.9622878186
          373.6603434729             0.0020091246             0.1147730253             0.9622878187
          374.8003434729             0.0019969492             0.1137477250             0.9622878187
          375.9403434729             0.0019848840             0.1127352936             0.9622878187
          377.0803434729             0.0019729278             0.1117339324             0.9622878187
          378.2203434729             0.0019610792             0.1107433379             0.9622878187
          379.3603434729             0.0019493369             0.1097637314             0.9622878187
          380.5003434729             0.0019376997             0.1087960420             0.9622878187
          381.6403434729             0.0019261664             0.1078386503             0.9622878187
          382.7803434729             0.0019147356             0.1068914188             0.9622878187
          383.9203434729             0.0019034062             0.1059550440             0.9622878187
          385.0603434729             0.0018921770             0.1050294282             0.9622878187
          386.2003434729             0.0018810468             0.1041135347             0.9622878187
          387.3403434729             0.0018700144             0.1032072350             0.9622878187
          388.4803434729             0.0018590787             0.1023116481             0.9622878187
          389.6203434729             0.0018482387             0.1014257602             0.9622878187
          390.7603434729             0.0018374930             0.1005490572             0.9622878187
          391.9003434729             0.0018268408             0.0996814875             0.9622878187
          393.0403434729             0.0018162809             0.0988243406             0.9622878187
          394.1803434729             0.0018058122             0.0979759908             0.9622878187
          395.3203434729             0.0017954336             0.0971363247             0.9622878187
          396.4603434729             0.0017851443             0.0963057103             0.9622878187
          397.6003434729             0.0017749431             0.0954845343             0.9622878187
          398.7403434729             0.0017648290             0.0946716803             0.9622878187
          399.8803434729             0.0017548010             0.0938670425             0.9622878187
          401.0203434729             0.0017448582             0.0930713647             0.9622878187
          402.1603434729             0.0017349997             0.0922842239             0.9622878187
          403.3003434729             0.0017252244             0.0915049624             0.9622878187
          404.4403434729             0.0017155314             0.0907334818             0.9622878187
          405.5803434729             0.0017059198             0.0899708620             0.9622878187
          406.7203434729             0.0016963888             0.0892159543             0.9622878187
          407.8603434729             0.0016869373             0.0884685143             0.9622878187
          409.0003434729             0.0016775645             0.0877286642             0.9622878187
          410.1403434729             0.0016682696             0.0869971430             0.9622878187
          411.2803434729             0.0016590517             0.0862727935             0.9622878187
          412.4203434729             0.0016499100             0.0855555293             0.9622878187
          413.5603434729             0.0016408435             0.0848458081             0.9622878187
          414.7003434729             0.0016318515             0.0841436517             0.9622878187
          415.8403434729             0.0016229332             0.0834483060             0.9622878187
          416.9803434729             0.0016140877             0.0827596912             0.9622878187
          418.1203434729             0.0016053143             0.0820785678             0.9622878187
          419.2603434729             0.0015966123             0.0814043096             0.9622878187
          420.4003434729             0.0015879807             0.0807365282             0.9622878187
          421.5403434729             0.0015794189             0.0800751622             0.9622878187
          422.6803434729             0.0015709261             0.0794212079             0.9622878187
          423.8203434729             0.0015625016             0.0787734913             0.9622878187
          424.9603434729             0.0015541447             0.0781319427             0.9622878187
          426.1003434729             0.0015458545             0.0774968020             0.9622878187
          427.2403434729             0.0015376305             0.0768684264             0.9622878187
          428.3803434729             0.0015294719             0.0762459979             0.9622878187
          429.5203434729             0.0015213780             0.0756294523             0.9622878187
          430.6603434729             0.0015133482             0.0750193036             0.9622878187
          431.8003434729             0.0015053817             0.0744153271             0.9622878187
          432.9403434729             0.0014974780             0.0738170295             0.9622878187
          434.0803434729             0.0014896363             0.0732243513             0.9622878187
          435.2203434729             0.0014818559             0.0726380567             0.9622878187
          436.3603434729             0.0014741364             0.0720573898             0.9622878187
          437.5003434729             0.0014664770             0.0714821538             0.9622878187
          438.6403434729             0.0014588771             0.0709124201             0.9622878187
          439.7803434729             0.0014513360             0.0703488022             0.9622878187
          440.9203434729             0.0014438533             0.0697904374             0.9622878187
          442.0603434729             0.0014364283             0.0692372736             0.9622878187
          443.2003434729             0.0014290603             0.0686896315             0.9622878187
          444.3403434729             0.0014217489             0.0681475981             0.9622878187
          445.4803434729             0.0014144934             0.0676106005             0.9622878187
          446.6203434729             0.0014072933             0.0670785902             0.9622878187
          447.7603434729             0.0014001479             0.0665521166             0.9622878187
          448.9003434729             0.0013930569             0.0660307821             0.9622878187
          450.0403434729             0.0013860195             0.0655142805             0.9622878187
          451.1803434729             0.0013790353             0.0650025662             0.9622878187
          452.3203434729             0.0013721037             0.0644963990             0.9622878187
          453.4603434729             0.0013652243             0.0639949344             0.9622878187
          454.6003434729             0.0013583964             0.0634981117             0.9622878187
          455.7403434729             0.0013516196             0.0630060954             0.9622878187
          456.8803434729             0.0013448933             0.0625191819             0.9622878187
