# Energy loss (meV)	Quasi-elastic (arb. units)	Magnetic excitations (arb. units)	dd excitations (arb. units)
         -222.1330690654             0.0073298290             0.0244605098             0.0000000000
         -220.9930690654             0.0074051473             0.0247124628             0.0000000000
         -219.8530690654             0.0074816298             0.0249664208             0.0000000000
         -218.7130690654             0.0075593007             0.0252224359             0.0000000000
         -217.5730690654             0.0076381846             0.0254806590             0.0000000000
         -216.4330690654             0.0077183069             0.0257413349             0.0000000000
         -215.2930690654             0.0077996936             0.0260042439             0.0000000000
         -214.1530690654             0.0078823713             0.0262694406             0.0000000000
         -213.0130690654             0.0079663675             0.0265371981             0.0000000000
         -211.8730690654             0.0080517102             0.0268075687             0.0000000000
         -210.7330690654             0.0081384283             0.0270804125             0.0000000000
         -209.5930690654             0.0082265515             0.0273557871             0.0000000000
         -208.4530690654             0.0083161101             0.0276341114             0.0000000000
         -207.3130690654             0.0084071356             0.0279152022             0.0000000000
         -206.1730690654             0.0084996599             0.0281990204             0.0000000000
         -205.0330690654             0.0085937161             0.0284856471             0.0000000000
         -203.8930690654             0.0086893381             0.0287756132             0.0000000000
         -202.7530690654             0.0087865608             0.0290685128             0.0000000000
         -201.6130690654             0.0088854200             0.0293644105             0.0000000000
         -200.4730690654             0.0089859525             0.0296635356             0.0000000000
         -199.3330690654             0.0090881962             0.0299661872             0.0000000000
         -198.1930690654             0.0091921901             0.0302720574             0.0000000000
         -197.0530690654             0.0092979742             0.0305812157             0.0000000000
         -195.9130690654             0.0094055897             0.0308940672             0.0000000000
         -194.7730690654             0.0095150790             0.0312106295             0.0000000000
         -193.6330690654             0.0096264858             0.0315307171             0.0000000000
         -192.4930690654             0.0097398549             0.0318544047             0.0000000000
         -191.3530690654             0.0098552326             0.0321823044             0.0000000000
         -190.2130690654             0.0099726665             0.0325140972             0.0000000000
         -189.0730690654             0.0100922055             0.0328497464             0.0000000000
         -187.9330690654             0.0102139001             0.0331893885             0.0000000000
         -186.7930690654             0.0103378024             0.0335337107             0.0000000000
         -185.6530690654             0.0104639658             0.0338821621             0.0000000000
         -184.5130690654             0.0105924455             0.0342348291             0.0000000000
         -183.3730690654             0.0107232984             0.0345920598             0.0000000000
         -182.2330690654             0.0108565831             0.0349542090             0.0000000000
         -181.0930690654             0.0109923601             0.0353208711             0.0000000000
         -179.9530690654             0.0111306916             0.0356921402             0.0000000000
         -178.8130690654             0.0112716420             0.0360686139             0.0000000000
         -177.6730690654             0.0114152774             0.0364502486             0.0000000000
         -176.5330690654             0.0115616664             0.0368368152             0.0000000000
         -175.3930690654             0.0117108794             0.0372284169             0.0000000000
         -174.2530690654             0.0118629894             0.0376259446             0.0000000000
         -173.1130690654             0.0120180716             0.0380288799             0.0000000000
         -171.9730690654             0.0121762035             0.0384372070             0.0000000000
         -170.8330690654             0.0123374654             0.0388511557             0.0000000000
         -169.6930690654             0.0125019401             0.0392716107             0.0000000000
         -168.5530690654             0.0126697132             0.0396978414             0.0000000000
         -167.4130690654             0.0128408732             0.0401299702             0.0000000000
         -166.2730690654             0.0130155114             0.0405685285             0.0000000000
         -165.1330690654             0.0131937224             0.0410139323             0.0000000000
         -163.9930690654             0.0133756039             0.0414656583             0.0000000000
         -162.8530690654             0.0135612569             0.0419238419             0.0000000000
         -161.7130690654             0.0137507861             0.0423893719             0.0000000000
         -160.5730690654             0.0139442996             0.0428621004             0.0000000000
         -159.4330690654             0.0141419093             0.0433417567             0.0000000000
         -158.2930690654             0.0143437313             0.0438284912             0.0000000000
         -157.1530690654             0.0145498856             0.0443236147             0.0000000000
         -156.0130690654             0.0147604964             0.0448263048             0.0000000000
         -154.8730690654             0.0149756926             0.0453365962             0.0000000000
         -153.7330690654             0.0151956076             0.0458548758             0.0000000000
         -152.5930690654             0.0154203798             0.0463822939             0.0000000000
         -151.4530690654             0.0156501525             0.0469178824             0.0000000000
         -150.3130690654             0.0158850745             0.0474618236             0.0000000000
         -149.1730690654             0.0161253001             0.0480149422             0.0000000000
         -148.0330690654             0.0163709891             0.0485777214             0.0000000000
         -146.8930690654             0.0166223079             0.0491494904             0.0000000000
         -145.7530690654             0.0168794287             0.0497304538             0.0000000000
         -144.6130690654             0.0171425306             0.0503219590             0.0000000000
         -143.4730690654             0.0174117996             0.0509236798             0.0000000000
         -142.3330690654             0.0176874288             0.0515353105             0.0000000000
         -141.1930690654             0.0179696190             0.0521570810             0.0000000000
         -140.0530690654             0.0182585791             0.0527909636             0.0000000000
         -138.9130690654             0.0185545259             0.0534356526             0.0000000000
         -137.7730690654             0.0188576853             0.0540912880             0.0000000000
         -136.6330690654             0.0191682921             0.0547585262             0.0000000000
         -135.4930690654             0.0194865908             0.0554388951             0.0000000000
         -134.3530690654             0.0198128360             0.0561310968             0.0000000000
         -133.2130690654             0.0201472926             0.0568354174             0.0000000000
         -132.0730690654             0.0204902369             0.0575531673             0.0000000000
         -130.9330690654             0.0208419566             0.0582849054             0.0000000000
         -129.7930690654             0.0212027517             0.0590297681             0.0000000000
         -128.6530690654             0.0215729350             0.0597880807             0.0000000000
         -127.5130690654             0.0219528329             0.0605619465             0.0000000000
         -126.3730690654             0.0223427859             0.0613507295             0.0000000000
         -125.2330690654             0.0227431494             0.0621541080             0.0000000000
         -124.0930690654             0.0231542947             0.0629724535             0.0000000000
         -122.9530690654             0.0235766096             0.0638088297             0.0000000000
         -121.8130690654             0.0240104992             0.0646611316             0.0000000000
         -120.6730690654             0.0244563871             0.0655297110             0.0000000000
         -119.5330690654             0.0249147165             0.0664157038             0.0000000000
         -118.3930690654             0.0253859508             0.0673212062             0.0000000000
         -117.2530690654             0.0258705751             0.0682444428             0.0000000000
         -116.1130690654             0.0263690974             0.0691858875             0.0000000000
         -114.9730690654             0.0268820496             0.0701476965             0.0000000000
         -113.8330690654             0.0274099892             0.0711305109             0.0000000000
         -112.6930690654             0.0279535007             0.0721332126             0.0000000000
         -111.5530690654             0.0285131970             0.0731563491             0.0000000000
         -110.4130690654             0.0290897212             0.0742033361             0.0000000000
         -109.2730690654             0.0296837484             0.0752729818             0.0000000000
         -108.1330690654             0.0302959875             0.0763650068             0.0000000000
         -106.9930690654             0.0309271832             0.0774801166             0.0000000000
         -105.8530690654             0.0315781185             0.0786230722             0.0000000000
         -104.7130690654             0.0322496165             0.0797905902             0.0000000000
         -103.5730690654             0.0329425436             0.0809833857             0.0000000000
         -102.4330690654             0.0336578115             0.0822034954             0.0000000000
         -101.2930690654             0.0343963804             0.0834539279             0.0000000000
         -100.1530690654             0.0351592622             0.0847321885             0.0000000000
          -99.0130690654             0.0359475238             0.0860391148             0.0000000000
          -97.8730690654             0.0367622903             0.0873784274             0.0000000000
          -96.7330690654             0.0376047497             0.0887508516             0.0000000000
          -95.5930690654             0.0384761562             0.0901549382             0.0000000000
          -94.4530690654             0.0393778354             0.0915916735             0.0000000000
          -93.3130690654             0.0403111894             0.0930669079             0.0000000000
          -92.1730690654             0.0412777016             0.0945784081             0.0000000000
          -91.0330690654             0.0422789437             0.0961260984             0.0000000000
          -89.8930690654             0.0433165815             0.0977115291             0.0000000000
          -88.7530690654             0.0443923834             0.0993421031             0.0000000000
          -87.6130690654             0.0455082284             0.1010129088             0.0000000000
          -86.4730690654             0.0466661160             0.1027252848             0.0000000000
          -85.3330690654             0.0478681782             0.1044830818             0.0000000000
          -84.1930690654             0.0491166924             0.1062909003             0.0000000000
          -83.0530690654             0.0504140981             0.1081451206             0.0000000000
          -81.9130690654             0.0517630165             0.1100473479             0.0000000000
          -80.7730690654             0.0531662744             0.1120044315             0.0000000000
          -79.6330690654             0.0546269348             0.1140171776             0.0000000000
          -78.4930690654             0.0561483341             0.1160837493             0.0000000000
          -77.3530690654             0.0577341301             0.1182060871             0.0000000000
          -76.2130690654             0.0593883628             0.1203949552             0.0000000000
          -75.0730690654             0.0611155314             0.1226460575             0.0000000000
          -73.9330690654             0.0629206938             0.1249599956             0.0000000000
          -72.7930690654             0.0648095926             0.1273402772             0.0000000000
          -71.6530690654             0.0667888166             0.1297993870             0.0000000000
          -70.5130690654             0.0688660063             0.1323296062             0.0000000000
          -69.3730690654             0.0710501143             0.1349337266             0.0000000000
          -68.2330690654             0.0733517336             0.1376196609             0.0000000000
          -67.0930690654             0.0757835099             0.1403951906             0.0000000000
          -65.9530690654             0.0783606554             0.1432549488             0.0000000000
          -64.8130690654             0.0811015855             0.1462024659             0.0000000000
          -63.6730690654             0.0840287006             0.1492517548             0.0000000000
          -62.5330690654             0.0871693402             0.1524039550             0.0000000000
          -61.3930690654             0.0905569357             0.1556572501             0.0000000000
          -60.2530690654             0.0942323914             0.1590163155             0.0000000000
          -59.1130690654             0.0982457243             0.1625039361             0.0000000000
          -57.9730690654             0.1026579879             0.1661119758             0.0000000000
          -56.8330690654             0.1075435096             0.1698441498             0.0000000000
          -55.6930690654             0.1129924576             0.1737104737             0.0000000000
          -54.5530690654             0.1191137528             0.1777374526             0.0000000000
          -53.4130690654             0.1260383249             0.1819136933             0.0000000000
          -52.2730690654             0.1339226998             0.1862488435             0.0000000000
          -51.1330690654             0.1429528852             0.1907664182             0.0000000000
          -49.9930690654             0.1533484995             0.1954883997             0.0000000000
          -48.8530690654             0.1653670618             0.2004115179             0.0000000000
          -47.7130690654             0.1793083295             0.2055529184             0.0000000000
          -46.5730690654             0.1955185385             0.2109623615             0.0000000000
          -45.4330690654             0.2143943625             0.2166552259             0.0000000000
          -44.2930690654             0.2363863737             0.2226453651             0.0000000000
          -43.1530690654             0.2620017526             0.2289659175             0.0000000000
          -42.0130690654             0.2918059606             0.2357217350             0.0000000000
          -40.8730690654             0.3264230675             0.2429129922             0.0000000000
          -39.7330690654             0.3665344064             0.2505902666             0.0000000000
          -38.5930690654             0.4128752269             0.2588384736             0.0000000000
          -37.4530690654             0.4662290280             0.2678216340             0.0000000000
          -36.3130690654             0.5274192789             0.2775516420             0.0000000000
          -35.1730690654             0.5972982866             0.2881371487             0.0000000000
          -34.0330690654             0.6767330379             0.2997897379             0.0000000000
          -32.8930690654             0.7665879342             0.3127147780             0.0000000000
          -31.7530690654             0.8677044489             0.3269866917             0.0000000000
          -30.6130690654             0.9808778661             0.3428036791             0.0000000000
          -29.4730690654             1.1068314021             0.3606369243             0.0000000000
          -28.3330690654             1.2461881586             0.3806739062             0.0000000000
          -27.1930690654             1.3994415064             0.4031161111             0.0000000000
          -26.0530690654             1.5669246348             0.4282959851             0.0000000000
          -24.9130690654             1.7487801195             0.4571674344             0.0000000000
          -23.7730690654             1.9449304467             0.4897101083             0.0000000000
          -22.6330690654             2.1550504736             0.5263618259             0.0000000000
          -21.4930690654             2.3785428000             0.5678216852             0.0000000000
          -20.3530690654             2.6145169606             0.6152602527             0.0000000000
          -19.2130690654             2.8617732346             0.6686292129             0.0000000000
          -18.0730690654             3.1187917030             0.7285692488             0.0000000000
          -16.9330690654             3.3837270051             0.7964206759             0.0000000000
          -15.7930690654             3.6544090686             0.8731283605             0.0000000000
          -14.6530690654             3.9283499846             0.9587652995             0.0000000000
          -13.5130690654             4.2027572201             1.0541041643             0.0000000000
          -12.3730690654             4.4745535926             1.1613809757             0.0000000000
          -11.2330690654             4.7404049245             1.2806713104             0.0000000000
          -10.0930690654             4.9967570662             1.4122737874             0.0000000000
           -8.9530690654             5.2398849249             1.5569637184             0.0000000000
           -7.8130690654             5.4659570203             1.7180100369             0.0000000000
           -6.6730690654             5.6711194442             1.8938127957             0.0000000000
           -5.5330690654             5.8516023333             2.0849933107             0.0000000000
           -4.3930690654             6.0038494771             2.2928461743             0.0000000000
           -3.2530690654             6.1246672219             2.5193326249             0.0000000000
           -2.1130690654             6.2113828826             2.7627041112             0.0000000000
           -0.9730690654             6.2619968768             3.0231837383             0.0000000000
            0.1669309346             6.2753089418             3.3023992477             0.0000000000
            1.3069309346             6.2509992037             3.6001667990             0.0000000000
            2.4469309346             6.1896504701             3.9147607911             0.0000000000
            3.5869309346             6.0927078313             4.2457448242             0.0000000000
            4.7269309346             5.9623826112             4.5945263752             0.0000000000
            5.8669309346             5.8015164536             4.9586330078             0.0000000000
            7.0069309346             5.6134254220             5.3364138690             0.0000000000
            8.1469309346             5.4017429856             5.7267262289             0.0000000000
            9.2869309346             5.1702760360             6.1297306284             0.0000000000
           10.4269309346             4.9228818922             6.5418119123             0.0000000000
           11.5669309346             4.6633686337             6.9612606065             0.0000000000
           12.7069309346             4.3954172083             7.3864319566             0.0000000000
           13.8469309346             4.1225218252             7.8152816763             0.0000000000
           14.9869309346             3.8479447718             8.2451897587             0.0000000000
           16.1269309346             3.5746823644             8.6741285024             0.0000000000
           17.2669309346             3.3054396777             9.0995641912             0.0000000000
           18.4069309346             3.0426126190             9.5191159531             0.0000000000
           19.5469309346             2.7882765998             9.9310906421             0.0000000000
           20.6869309346             2.5441814768            10.3335955872             0.0000000000
           21.8269309346             2.3117525916            10.7229789594             0.0000000000
           22.9669309346             2.0920977185            11.0985361182             0.0000000000
           24.1069309346             1.8860195992            11.4591100248             0.0000000000
           25.2469309346             1.6940335588            11.8030748672             0.0000000000
           26.3869309346             1.5163895211            12.1263587448             0.0000000000
           27.5269309346             1.3530975873            12.4306257304             0.0000000000
           28.6669309346             1.2039562451            12.7149906642             0.0000000000
           29.8069309346             1.0685822249            12.9774926754             0.0000000000
           30.9469309346             0.9464410316            13.2162495664             0.0000000000
           32.0869309346             0.8368772344            13.4333215712             0.0000000000
           33.2269309346             0.7391436935            13.6285024447             0.0000000000
           34.3669309346             0.6524290277            13.7994671744             0.0000000000
           35.5069309346             0.5758827660            13.9470454724             0.0000000000
           36.6469309346             0.5086377790            14.0730361215             0.0000000000
           37.7869309346             0.4498297304            14.1777940226             0.0000000000
           38.9269309346             0.3986134301            14.2587715815             0.0000000000
           40.0669309346             0.3541760931            14.3191775807             0.0000000000
           41.2069309346             0.3157476153            14.3601975746             0.0000000000
           42.3469309346             0.2826080597            14.3822023684             0.0000000000
           43.4869309346             0.2540926123            14.3837051949             0.0000000000
           44.6269309346             0.2295943093            14.3683916155             0.0000000000
           45.7669309346             0.2085648574            14.3371252891             0.0000000000
           46.9069309346             0.1905138798            14.2898760025             0.0000000000
           48.0469309346             0.1750069082            14.2271016450             0.0000000000
           49.1869309346             0.1616624254            14.1513274612             0.0000000000
           50.3269309346             0.1501482336            14.0634513483             0.0000000000
           51.4669309346             0.1401773919            13.9632256192             0.0000000000
           52.6069309346             0.1315039303            13.8522040422             0.0000000000
           53.7469309346             0.1239185126            13.7319344817             0.0000000000
           54.8869309346             0.1172441831            13.6032331292             0.0000000000
           56.0269309346             0.1113323021            13.4658183190             0.0000000000
           57.1669309346             0.1060587425            13.3215905100             0.0000000000
           58.3069309346             0.1013203971            13.1714009236             0.0000000000
           59.4469309346             0.0970320229            13.0158044393             0.0000000000
           60.5869309346             0.0931234308            12.8549923807             0.0000000000
           61.7269309346             0.0895370166            12.6903101422             0.0000000000
           62.8669309346             0.0862256181            12.5223143623             0.0000000000
           64.0069309346             0.0831506772            12.3513643367             0.0000000000
           65.1469309346             0.0802806789            12.1779734670             0.0000000000
           66.2869309346             0.0775898401            12.0028571211             0.0000000000
           67.4269309346             0.0750570180            11.8264254943             0.0000000000
           68.5669309346             0.0726648093            11.6489916884             0.0000000000
           69.7069309346             0.0703988136            11.4710199926             0.0000000000
           70.8469309346             0.0682470344            11.2928718493             0.0000000000
           71.9869309346             0.0661993979            11.1148335535             0.0000000000
           73.1269309346             0.0642473664            10.9372663798             0.0000000000
           74.2669309346             0.0623836318            10.7603788363             0.0000000000
           75.4069309346             0.0606018721            10.5843750202             0.0000000000
           76.5469309346             0.0588965602            10.4094863534             0.0000000000
           77.6869309346             0.0572628137            10.2360457749             0.0000000000
           78.8269309346             0.0556962770            10.0640424005             0.0000000000
           79.9669309346             0.0541930291             9.8936076431             0.0000000000
           81.1069309346             0.0527495122             9.7249999706             0.0000000000
           82.2469309346             0.0513624742             9.5583724265             0.0000000000
           83.3869309346             0.0500289249             9.3936482760             0.0000000000
           84.5269309346             0.0487461005             9.2309031190             0.0000000000
           85.6669309346             0.0475114353             9.0704631556             0.0000000000
           86.8069309346             0.0463225392             8.9122411648             0.0000000000
           87.9469309346             0.0451771789             8.7561782895             0.0000000000
           89.0869309346             0.0440732624             8.6023112971             0.0000000000
           90.2269309346             0.0430088267             8.4510507854             0.0000000000
           91.3669309346             0.0419820262             8.3020556514             0.0000000000
           92.5069309346             0.0409911233             8.1553305296             0.0000000000
           93.6469309346             0.0400344805             8.0109782498             0.0000000000
           94.7869309346             0.0391105527             7.8692188110             0.0000000000
           95.9269309346             0.0382178808             7.7297468805             0.0000000000
           97.0669309346             0.0373550859             7.5925590699             0.0000000000
           98.2069309346             0.0365208635             7.4578428418             0.0000000000
           99.3469309346             0.0357139793             7.3255924898             0.0000000000
          100.4869309346             0.0349332644             7.1955931946             0.0000000000
          101.6269309346             0.0341776108             7.0678294436             0.0000000000
          102.7669309346             0.0334459682             6.9425714071             0.0000000000
          103.9069309346             0.0327373403             6.8196017067             0.0000000000
          105.0469309346             0.0320507813             6.6988028953             0.0000000000
          106.1869309346             0.0313853930             6.5801562575             0.0000000000
          107.3269309346             0.0307403221             6.4639949547             0.0000000000
          108.4669309346             0.0301147574             6.3499247219             0.0000000000
          109.6069309346             0.0295079274             6.2379192371             0.0000000000
          110.7469309346             0.0289190980             6.1280462809             0.0000000000
          111.8869309346             0.0283475705             6.0204328743             0.0000000000
          113.0269309346             0.0277926793             5.9147928484             0.0000000000
          114.1669309346             0.0272537903             5.8110974829             0.0000000000
          115.3069309346             0.0267302992             5.7094920990             0.0000000000
          116.4469309346             0.0262216295             5.6099203509             0.0000000000
          117.5869309346             0.0257272315             5.5121968112             0.0000000000
          118.7269309346             0.0252465801             5.4162919464             0.0000000000
          119.8669309346             0.0247791744             5.3224185385             0.0000000000
          121.0069309346             0.0243245357             5.2303609238             0.0000000000
          122.1469309346             0.0238822066             5.1400247152             0.0000000000
          123.2869309346             0.0234517498             5.0513953025             0.0000000000
          124.4269309346             0.0230327473             4.9646986124             0.0000000000
          125.5669309346             0.0226247989             4.8796273623             0.0000000000
          126.7069309346             0.0222275220             4.7961528848             0.0000000000
          127.8469309346             0.0218405499             4.7143299827             0.0000000000
          128.9869309346             0.0214635316             4.6342264555             0.0000000000
          130.1269309346             0.0210961309             4.5556270777             0.0000000000
          131.2669309346             0.0207380254             4.4785043994             0.0000000000
          132.4069309346             0.0203889062             4.4029725618             0.0000000000
          133.5469309346             0.0200484769             4.3289636316             0.0000000000
          134.6869309346             0.0197164531             4.2563432875             0.0000000000
          135.8269309346             0.0193925622             4.1850855619             0.0000000000
          136.9669309346             0.0190765420             4.1153545526             0.0000000000
          138.1069309346             0.0187681411             4.0469672720             0.0000000000
          139.2469309346             0.0184671179             3.9798596498             0.0000000000
          140.3869309346             0.0181732403             3.9140266787             0.0000000000
          141.5269309346             0.0178862849             3.8496158420             0.0000000000
          142.6669309346             0.0176060374             3.7864058616             0.0000000000
          143.8069309346             0.0173322913             3.7243736713             0.0000000000
          144.9469309346             0.0170648481             3.6635655850             0.0000000000
          146.0869309346             0.0168035167             3.6040138851             0.0000000000
          147.2269309346             0.0165481134             3.5455666728             0.0000000000
          148.3669309346             0.0162984609             3.4882025425             0.0000000000
          149.5069309346             0.0160543888             3.4320110376             0.0000000000
          150.6469309346             0.0158157328             3.3769267204             0.0000000000
          151.7869309346             0.0155823346             3.3228576092             0.0000000000
          152.9269309346             0.0153540414             3.2697839179             0.0000000000
          154.0669309346             0.0151307064             3.2178312136             0.0000000000
          155.2069309346             0.0149121874             3.1668518955             0.0000000000
          156.3469309346             0.0146983477             3.1168053642             0.0000000000
          157.4869309346             0.0144890552             3.0676936346             0.0000000000
          158.6269309346             0.0142841823             3.0196111907             0.0000000000
          159.7669309346             0.0140836062             2.9724027496             0.0000000000
          160.9069309346             0.0138872079             2.9260512194             0.0000000000
          162.0469309346             0.0136948727             2.8805956772             0.0000000000
          163.1869309346             0.0135064897             2.8360479177             0.0000000000
          164.3269309346             0.0133219519             2.7923030556             0.0000000000
          165.4669309346             0.0131411557             2.7493453977             0.0000000000
          166.6069309346             0.0129640010             2.7072451239             0.0000000000
          167.7469309346             0.0127903911             2.6659440923             0.0000000000
          168.8869309346             0.0126202323             2.6253807154             0.0000000000
          170.0269309346             0.0124534342             2.5855406047             0.0000000000
          171.1669309346             0.0122899091             2.5465198145             0.0000000000
          172.3069309346             0.0121295723             2.5082014675             0.0000000000
          173.4469309346             0.0119723417             2.4705609874             0.0000000000
          174.5869309346             0.0118181380             2.4336043954             0.0000000000
          175.7269309346             0.0116668840             2.3973914541             0.0000000000
          176.8669309346             0.0115185055             2.3618139490             0.0000000000
          178.0069309346             0.0113729301             2.3268595716             0.0000000000
          179.1469309346             0.0112300880             2.2925610123             0.0000000000
          180.2869309346             0.0110899114             2.2589187156             0.0000000000
          181.4269309346             0.0109523346             2.2258607230             0.0000000000
          182.5669309346             0.0108172939             2.1933757733             0.0000000000
          183.7069309346             0.0106847275             2.1615189607             0.0000000000
          184.8469309346             0.0105545756             2.1302405012             0.0000000000
          185.9869309346             0.0104267800             2.0994995767             0.0000000000
          187.1269309346             0.0103012845             2.0692858879             0.0000000000
          188.2669309346             0.0101780342             2.0396732095             0.0000000000
          189.4069309346             0.0100569762             2.0105694772             0.0000000000
          190.5469309346             0.0099380589             1.9819605132             0.0000000000
          191.6869309346             0.0098212322             1.9538542005             0.0000000000
          192.8269309346             0.0097064476             1.9262878487             0.0000000000
          193.9669309346             0.0095936579             1.8991859519             0.0000000000
          195.1069309346             0.0094828172             1.8725397204             0.0000000000
          196.2469309346             0.0093738811             1.8463763205             0.0000000000
          197.3869309346             0.0092668063             1.8206902533             0.0000000000
          198.5269309346             0.0091615507             1.7954321351             0.0000000000
          199.6669309346             0.0090580735             1.7705939276             0.0000000000
          200.8069309346             0.0089563349             1.7462190518             0.0000000000
          201.9469309346             0.0088562964             1.7222656402             0.0000000000
          203.0869309346             0.0087579202             1.6987067941             0.0000000000
          204.2269309346             0.0086611700             1.6755351611             0.0000000000
          205.3669309346             0.0085660101             1.6528077737             0.0000000000
          206.5069309346             0.0084724060             1.6304520264             0.0000000000
          207.6469309346             0.0083803240             1.6084603098             0.0000000000
          208.7869309346             0.0082897314             1.5868410546             0.0000000000
          209.9269309346             0.0082005963             1.5656171294             0.0000000000
          211.0669309346             0.0081128878             1.5447355792             0.0000000001
          212.2069309346             0.0080265755             1.5241901216             0.0000000001
          213.3469309346             0.0079416301             1.5040032539             0.0000000002
          214.4869309346             0.0078580229             1.4841666627             0.0000000002
          215.6269309346             0.0077757261             1.4646463441             0.0000000004
          216.7669309346             0.0076947125             1.4454365462             0.0000000006
          217.9069309346             0.0076149555             1.4265716785             0.0000000009
          219.0469309346             0.0075364294             1.4080168194             0.0000000013
          220.1869309346             0.0074591091             1.3897543332             0.0000000020
          221.3269309346             0.0073829700             1.3717803359             0.0000000030
          222.4669309346             0.0073079882             1.3541351113             0.0000000046
          223.6069309346             0.0072341405             1.3367652912             0.0000000068
          224.7469309346             0.0071614042             1.3196659501             0.0000000101
          225.8869309346             0.0070897571             1.3028453328             0.0000000150
          227.0269309346             0.0070191776             1.2863170424             0.0000000222
          228.1669309346             0.0069496446             1.2700436802             0.0000000325
          229.3069309346             0.0068811377             1.2540207305             0.0000000475
          230.4469309346             0.0068136368             1.2382668092             0.0000000691
          231.5869309346             0.0067471222             1.2227725586             0.0000001001
          232.7269309346             0.0066815750             1.2075144607             0.0000001442
          233.8669309346             0.0066169764             1.1924883729             0.0000002068
          235.0069309346             0.0065533083             1.1777217401             0.0000002953
          236.1469309346             0.0064905530             1.1631855145             0.0000004197
          237.2869309346             0.0064286932             1.1488682151             0.0000005937
          238.4269309346             0.0063677118             1.1347685306             0.0000008359
          239.5669309346             0.0063075924             1.1209139088             0.0000011715
          240.7069309346             0.0062483188             1.1072659591             0.0000016342
          241.8469309346             0.0061898753             1.0938211207             0.0000022693
          242.9869309346             0.0061322465             1.0805870817             0.0000031366
          244.1269309346             0.0060754173             1.0675715129             0.0000043155
          245.2669309346             0.0060193730             1.0547477991             0.0000059102
          246.4069309346             0.0059640993             1.0421126679             0.0000080571
          247.5469309346             0.0059095821             1.0296815427             0.0000109335
          248.6869309346             0.0058558077             1.0174449914             0.0000147689
          249.8269309346             0.0058027628             1.0053866765             0.0000198584
          250.9669309346             0.0057504341             0.9935035884             0.0000265799
          252.1069309346             0.0056988089             0.9818177719             0.0000354141
          253.2469309346             0.0056478746             0.9703050521             0.0000469696
          254.3869309346             0.0055976190             0.9589580428             0.0000620122
          255.5269309346             0.0055480301             0.9477769645             0.0000815006
          256.6669309346             0.0054990962             0.9367805328             0.0001066278
          257.8069309346             0.0054508059             0.9259408812             0.0001388702
          258.9469309346             0.0054031478             0.9152554112             0.0001800448
          260.0869309346             0.0053561110             0.9047310987             0.0002323741
          261.2269309346             0.0053096848             0.8943718300             0.0002985618
          262.3669309346             0.0052638587             0.8841585188             0.0003818774
          263.5069309346             0.0052186224             0.8740887708             0.0004862511
          264.6469309346             0.0051739659             0.8641753981             0.0006163794
          265.7869309346             0.0051298792             0.8544093999             0.0007778409
          266.9269309346             0.0050863528             0.8447793856             0.0009772211
          268.0669309346             0.0050433772             0.8352831477             0.0012222466
          269.2069309346             0.0050009431             0.8259385221             0.0015219257
          270.3469309346             0.0049590416             0.8167253406             0.0018866948
          271.4869309346             0.0049176637             0.8076389454             0.0023285658
          272.6269309346             0.0048768008             0.7986804347             0.0028612738
          273.7669309346             0.0048364445             0.7898625451             0.0035004181
          274.9069309346             0.0047965862             0.7811648688             0.0042635943
          276.0469309346             0.0047572180             0.7725854907             0.0051705097
          277.1869309346             0.0047183318             0.7641306379             0.0062430778
          278.3269309346             0.0046799198             0.7558018004             0.0075054838
          279.4669309346             0.0046419743             0.7475851914             0.0089842154
          280.6069309346             0.0046044878             0.7394790415             0.0107080507
          281.7469309346             0.0045674529             0.7314940320             0.0127079967
          282.8869309346             0.0045308625             0.7236218313             0.0150171720
          284.0269309346             0.0044947095             0.7158544807             0.0176706265
          285.1669309346             0.0044589869             0.7081903442             0.0207050939
          286.3069309346             0.0044236879             0.7006439587             0.0241586732
          287.4469309346             0.0043888058             0.6931984374             0.0280704358
          288.5869309346             0.0043543342             0.6858509433             0.0324799594
          289.7269309346             0.0043202666             0.6786030437             0.0374267889
          290.8669309346             0.0042865968             0.6714633565             0.0429498307
          292.0069309346             0.0042533186             0.6644168088             0.0490866852
          293.1469309346             0.0042204258             0.6574619744             0.0558729287
          294.2869309346             0.0041879128             0.6506043588             0.0633413559
          295.4269309346             0.0041557735             0.6438439549             0.0715211991
          296.5669309346             0.0041240023             0.6371707388             0.0804373398
          297.7069309346             0.0040925936             0.6305833890             0.0901095329
          298.8469309346             0.0040615420             0.6240908481             0.1005516632
          299.9869309346             0.0040308420             0.6176855415             0.1117710566
          301.1269309346             0.0040004883             0.6113619076             0.1237678656
          302.2669309346             0.0039704759             0.6051187217             0.1365345531
          303.4069309346             0.0039407995             0.5989679173             0.1500554911
          304.5469309346             0.0039114542             0.5928952946             0.1643066939
          305.6869309346             0.0038824351             0.5868992312             0.1792557004
          306.8269309346             0.0038537373             0.5809815115             0.1948616159
          307.9669309346             0.0038253563             0.5751479004             0.2110753214
          309.1069309346             0.0037972872             0.5693871767             0.2278398529
          310.2469309346             0.0037695256             0.5636982676             0.2450909480
          311.3869309346             0.0037420670             0.5580860135             0.2627577535
          312.5269309346             0.0037149070             0.5525494947             0.2807636809
          313.6669309346             0.0036880413             0.5470813813             0.2990273940
          314.8069309346             0.0036614657             0.5416806769             0.3174639060
          315.9469309346             0.0036351760             0.5363549022             0.3359857644
          317.0869309346             0.0036091682             0.5310972449             0.3545042926
          318.2269309346             0.0035834381             0.5259038291             0.3729308618
          319.3669309346             0.0035579819             0.5207737901             0.3911781616
          320.5069309346             0.0035327958             0.5157168085             0.4091614391
          321.6469309346             0.0035078758             0.5107210732             0.4267996768
          322.7869309346             0.0034832183             0.5057857083             0.4440166834
          323.9269309346             0.0034588197             0.5009125617             0.4607420717
          325.0669309346             0.0034346762             0.4961054138             0.4769121040
          326.2069309346             0.0034107844             0.4913558500             0.4924703870
          327.3469309346             0.0033871408             0.4866630552             0.5073684074
          328.4869309346             0.0033637419             0.4820312732             0.5215658972
          329.6269309346             0.0033405844             0.4774590505             0.5350310312
          330.7669309346             0.0033176650             0.4729410032             0.5477404562
          331.9069309346             0.0032949804             0.4684763720             0.5596791616
          333.0469309346             0.0032725275             0.4640715120             0.5708402018
          334.1869309346             0.0032503030             0.4597203358             0.5812242866
          335.3269309346             0.0032283040             0.4554201597             0.5908392556
          336.4669309346             0.0032065274             0.4511706662             0.5996994583
          337.6069309346             0.0031849702             0.4469788963             0.6078250601
          338.7469309346             0.0031636294             0.4428358374             0.6152412958
          339.8869309346             0.0031425022             0.4387408192             0.6219776919
          341.0269309346             0.0031215857             0.4346956623             0.6280672788
          342.1669309346             0.0031008772             0.4307027625             0.6335458101
          343.3069309346             0.0030803739             0.4267557685             0.6384510084
          344.4469309346             0.0030600730             0.4228540549             0.6428218503
          345.5869309346             0.0030399721             0.4190013389             0.6466979037
          346.7269309346             0.0030200683             0.4151958791             0.6501187259
          347.8669309346             0.0030003592             0.4114337074             0.6531233308
          349.0069309346             0.0029808423             0.4077142399             0.6557497275
          350.1469309346             0.0029615150             0.4040428726             0.6580345340
          351.2869309346             0.0029423749             0.4004141854             0.6600126629
          352.4269309346             0.0029234196             0.3968263419             0.6617170801
          353.5669309346             0.0029046467             0.3932793830             0.6631786288
          354.7069309346             0.0028860540             0.3897784283             0.6644259170
          355.8469309346             0.0028676390             0.3863165514             0.6654852596
          356.9869309346             0.0028493995             0.3828932339             0.6663806701
          358.1269309346             0.0028313334             0.3795102163             0.6671338939
          359.2669309346             0.0028134384             0.3761689219             0.6677644765
          360.4069309346             0.0027957124             0.3728645125             0.6682898595
          361.5469309346             0.0027781533             0.3695964526             0.6687254979
          362.6869309346             0.0027607589             0.3663677881             0.6690849926
          363.8269309346             0.0027435272             0.3631760738             0.6693802323
          364.9669309346             0.0027264563             0.3600171766             0.6696215412
          366.1069309346             0.0027095440             0.3568884181             0.6698178266
          367.2469309346             0.0026927885             0.3537896364             0.6699767247
          368.3869309346             0.0026761878             0.3507134243             0.6701047410
          369.5269309346             0.0026597401             0.3476567646             0.6702073838
          370.6669309346             0.0026434434             0.3446187681             0.6702892882
          371.8069309346             0.0026272959             0.3416012667             0.6703543315
          372.9469309346             0.0026112957             0.3386015550             0.6704057375
          374.0869309346             0.0025954412             0.3356198516             0.6704461710
          375.2269309346             0.0025797306             0.3326577341             0.6704778218
          376.3669309346             0.0025641620             0.3297164411             0.6705024790
          377.5069309346             0.0025487339             0.3267944510             0.6705215960
          378.6469309346             0.0025334444             0.3238922466             0.6705363467
          379.7869309346             0.0025182920             0.3210126644             0.6705476738
          380.9269309346             0.0025032751             0.3181552899             0.6705563303
          382.0669309346             0.0024883920             0.3153193605             0.6705629142
          383.2069309346             0.0024736411             0.3125053640             0.6705678978
          384.3469309346             0.0024590209             0.3097173663             0.6705716519
          385.4869309346             0.0024445299             0.3069527096             0.6705744664
          386.6269309346             0.0024301665             0.3042114173             0.6705765663
          387.7669309346             0.0024159292             0.3014945420             0.6705781256
          388.9069309346             0.0024018165             0.2988052844             0.6705792779
          390.0469309346             0.0023878271             0.2961404503             0.6705801254
          391.1869309346             0.0023739595             0.2935002786             0.6705807457
          392.3269309346             0.0023602122             0.2908868187             0.6705811975
          393.4669309346             0.0023465839             0.2883009270             0.6705815250
          394.6069309346             0.0023330732             0.2857402184             0.6705817613
          395.7469309346             0.0023196788             0.2832047748             0.6705819310
          396.8869309346             0.0023063994             0.2806976639             0.6705820523
          398.0269309346             0.0022932336             0.2782172826             0.6705821385
          399.1669309346             0.0022801801             0.2757622172             0.6705821995
          400.3069309346             0.0022672376             0.2733324246             0.6705822425
          401.4469309346             0.0022544050             0.2709319667             0.6705822726
          402.5869309346             0.0022416810             0.2685568428             0.6705822936
          403.7269309346             0.0022290643             0.2662066902             0.6705823082
          404.8669309346             0.0022165537             0.2638822515             0.6705823183
          406.0069309346             0.0022041481             0.2615858998             0.6705823253
          407.1469309346             0.0021918463             0.2593140266             0.6705823300
          408.2869309346             0.0021796471             0.2570664534             0.6705823332
          409.4269309346             0.0021675495             0.2548449198             0.6705823354
          410.5669309346             0.0021555522             0.2526494877             0.6705823369
          411.7069309346             0.0021436541             0.2504776971             0.6705823379
          412.8469309346             0.0021318543             0.2483293313             0.6705823386
          413.9869309346             0.0021201515             0.2462070610             0.6705823390
          415.1269309346             0.0021085448             0.2441088135             0.6705823393
          416.2669309346             0.0020970331             0.2420332386             0.6705823395
          417.4069309346             0.0020856153             0.2399800996             0.6705823396
          418.5469309346             0.0020742905             0.2379529174             0.6705823397
          419.6869309346             0.0020630576             0.2359476839             0.6705823398
          420.8269309346             0.0020519157             0.2339640903             0.6705823398
          421.9669309346             0.0020408637             0.2320027866             0.6705823398
          423.1069309346             0.0020299007             0.2300653747             0.6705823398
          424.2469309346             0.0020190258             0.2281487964             0.6705823398
          425.3869309346             0.0020082379             0.2262528074             0.6705823398
          426.5269309346             0.0019975363             0.2243789232             0.6705823398
          427.6669309346             0.0019869199             0.2225268271             0.6705823398
          428.8069309346             0.0019763878             0.2206945204             0.6705823398
          429.9469309346             0.0019659393             0.2188817632             0.6705823398
          431.0869309346             0.0019555733             0.2170908506             0.6705823398
          432.2269309346             0.0019452891             0.2153197392             0.6705823398
          433.3669309346             0.0019350857             0.2135673986             0.6705823398
          434.5069309346             0.0019249624             0.2118336688             0.6705823398
          435.6469309346             0.0019149182             0.2101213254             0.6705823398
          436.7869309346             0.0019049524             0.2084269964             0.6705823398
          437.9269309346             0.0018950641             0.2067504574             0.6705823398
          439.0669309346             0.0018852526             0.2050923391             0.6705823398
          440.2069309346             0.0018755171             0.2034536933             0.6705823398
          441.3469309346             0.0018658567             0.2018321149             0.6705823398
          442.4869309346             0.0018562708             0.2002273901             0.6705823398
          443.6269309346             0.0018467585             0.1986408594             0.6705823398
          444.7669309346             0.0018373190             0.1970720243             0.6705823398
          445.9069309346             0.0018279518             0.1955193567             0.6705823398
          447.0469309346             0.0018186559             0.1939826540             0.6705823398
          448.1869309346             0.0018094307             0.1924638913             0.6705823398
          449.3269309346             0.0018002755             0.1909611801             0.6705823398
          450.4669309346             0.0017911896             0.1894737848             0.6705823398
          451.6069309346             0.0017821723             0.1880016755             0.6705823398
          452.7469309346             0.0017732228             0.1865469087             0.6705823398
          453.8869309346             0.0017643406             0.1851068371             0.6705823398
          455.0269309346             0.0017555248             0.1836812779             0.6705823398
          456.1669309346             0.0017467750             0.1822708439             0.6705823398
          457.3069309346             0.0017380904             0.1808761995             0.6705823398
          458.4469309346             0.0017294703             0.1794954827             0.6705823398
          459.5869309346             0.0017209142             0.1781285217             0.6705823398
          460.7269309346             0.0017124214             0.1767765061             0.6705823398
          461.8669309346             0.0017039913             0.1754388471             0.6705823398
